LOC	 PID 	 TYPE 	 AREA 	 PERIM 	 GYRATE 	 SHAPE 	 FRAC 	 CORE 	 NCORE 	 CAI
hwasun_toyang	1	 cls_9 	54596.51	5613180	11899.1575	60.0469	1.4071	50627.12	218	92.7296
hwasun_toyang	16	 cls_9 	5.73	1400	104.7349	1.4583	1.0694	4.74	1	82.7225
hwasun_toyang	19	 cls_9 	4.8	1180	93.1524	1.3409	1.0552	4.05	1	84.375
hwasun_toyang	21	 cls_9 	0.4	600	45.4799	2.3077	1.2082	0.06	3	15
hwasun_toyang	27	 cls_9 	1.91	660	54.5363	1.1786	1.036	1.46	1	76.4398
hwasun_toyang	40	 cls_9 	0.04	140	12.7917	1.75	1.1868	0	0	0
hwasun_toyang	53	 cls_9 	5.09	1860	171.8029	2.0217	1.1335	3.63	1	71.3163
hwasun_toyang	57	 cls_9 	19.66	3700	234.2336	2.0787	1.1207	17.03	1	86.6226
hwasun_toyang	64	 cls_9 	2.83	880	66.2465	1.2941	1.0524	2.25	1	79.5053
hwasun_toyang	68	 cls_9 	4.22	1020	86.3415	1.2143	1.0406	3.49	1	82.7014
hwasun_toyang	72	 cls_9 	1.51	900	63.2686	1.8	1.1257	0.91	1	60.2649
hwasun_toyang	106	 cls_9 	2.97	860	69.9641	1.2286	1.043	2.38	1	80.1347
hwasun_toyang	119	 cls_9 	0.01	40	5	1	1	0	0	0
hwasun_toyang	120	 cls_9 	0.01	40	5	1	1	0	0	0
hwasun_toyang	121	 cls_9 	0.01	40	5	1	1	0	0	0
hwasun_toyang	122	 cls_9 	0.01	40	5	1	1	0	0	0
hwasun_toyang	129	 cls_9 	0.16	300	21.4644	1.875	1.1704	0.02	2	12.5
hwasun_toyang	132	 cls_9 	0.06	240	21.2132	2.4	1.2801	0	0	0
hwasun_toyang	137	 cls_9 	0.87	940	67.282	2.4737	1.2037	0.34	1	39.0805
hwasun_toyang	165	 cls_9 	8.7	2120	129.2286	1.7966	1.1031	7.19	1	82.6437
hwasun_toyang	166	 cls_9 	27.52	2680	199.5229	1.2762	1.0391	25.66	1	93.2413
hwasun_toyang	168	 cls_9 	17.13	2500	182.4035	1.506	1.0684	15.2	1	88.7332
hwasun_toyang	170	 cls_9 	1.44	680	54.2868	1.4167	1.0728	0.98	1	68.0556
hwasun_toyang	171	 cls_9 	1.55	640	52.7495	1.28	1.052	1.12	1	72.2581
hwasun_toyang	173	 cls_9 	0.44	360	26.2087	1.2857	1.0727	0.25	1	56.8182
hwasun_toyang	178	 cls_9 	0.29	280	21.5082	1.2727	1.0658	0.11	1	37.931
hwasun_toyang	180	 cls_9 	5.47	1720	132.7879	1.8298	1.1116	4.25	1	77.6965
hwasun_toyang	181	 cls_9 	17.25	2220	167.1275	1.3214	1.0481	15.74	1	91.2464
hwasun_toyang	182	 cls_9 	0.91	520	38.4128	1.3	1.0679	0.6	1	65.9341
hwasun_toyang	183	 cls_9 	3.07	1280	90.3783	1.7778	1.1166	2.21	1	71.987
hwasun_toyang	184	 cls_9 	50.91	5300	301.4002	1.8531	1.0942	47.15	1	92.6144
hwasun_toyang	188	 cls_9 	2.63	900	75.0827	1.3636	1.0643	1.98	1	75.2852
hwasun_toyang	189	 cls_9 	1.43	760	60.6263	1.5833	1.0968	0.95	1	66.4336
hwasun_toyang	190	 cls_9 	1.5	600	47.8738	1.2	1.0422	1.06	1	70.6667
hwasun_toyang	191	 cls_9 	15.42	1860	150.5337	1.1772	1.0283	14.01	1	90.856
hwasun_toyang	193	 cls_9 	3.97	1000	81.1275	1.25	1.0429	3.29	1	82.8715
hwasun_toyang	194	 cls_9 	4.92	1560	115.9651	1.7333	1.1045	3.81	1	77.439
hwasun_toyang	195	 cls_9 	3.92	1280	87.657	1.6	1.0908	3.01	1	76.7857
hwasun_toyang	202	 cls_9 	0.33	280	22.9418	1.1667	1.0488	0.16	1	48.4848
hwasun_toyang	203	 cls_9 	3.03	1040	82.8837	1.4857	1.0778	2.33	1	76.8977
hwasun_toyang	213	 cls_9 	4.64	2240	130.1723	2.5455	1.1778	3.26	5	70.2586
hwasun_toyang	215	 cls_9 	4.94	1260	100.6416	1.4	1.0645	4.03	1	81.5789
hwasun_toyang	218	 cls_9 	0.52	440	34.2283	1.4667	1.0987	0.27	1	51.9231
hwasun_toyang	222	 cls_9 	1	540	44.0074	1.35	1.0652	0.61	1	61
hwasun_toyang	224	 cls_9 	4.03	1140	92.9614	1.3902	1.0661	3.26	1	80.8933
hwasun_toyang	225	 cls_9 	0.63	380	31.0451	1.1875	1.0411	0.36	1	57.1429
hwasun_toyang	228	 cls_9 	1.56	820	61.2122	1.64	1.1026	1.01	1	64.7436
hwasun_toyang	230	 cls_9 	5.2	1300	102.543	1.413	1.0653	4.27	1	82.1154
hwasun_toyang	241	 cls_9 	3.54	880	71.3517	1.1579	1.0299	2.95	1	83.3333
hwasun_toyang	252	 cls_9 	4.32	1140	85.2816	1.3571	1.0592	3.49	1	80.787
hwasun_toyang	260	 cls_9 	0.06	140	12.8827	1.4	1.1116	0	0	0
hwasun_toyang	270	 cls_9 	0.21	260	18.6365	1.3	1.0914	0.06	1	28.5714
hwasun_toyang	289	 cls_9 	0.49	340	29.5146	1.2143	1.0457	0.25	1	51.0204
hwasun_toyang	332	 cls_9 	1.51	660	49.4329	1.32	1.0613	1.09	1	72.1854
hwasun_toyang	339	 cls_9 	3.97	1840	151.2343	2.3	1.158	2.48	2	62.4685
hwasun_toyang	348	 cls_9 	4.91	1260	98.5339	1.4	1.0651	4.12	1	83.9104
hwasun_toyang	350	 cls_9 	15.23	3020	229.4421	1.9114	1.1106	13.13	1	86.2114
hwasun_toyang	351	 cls_9 	16.77	2740	209.4779	1.6707	1.0855	14.9	1	88.8491
hwasun_toyang	353	 cls_9 	295.45	29560	782.1188	4.2965	1.1958	274.64	2	92.9565
hwasun_toyang	359	 cls_9 	0.12	180	16.9631	1.2857	1.0738	0	0	0
hwasun_toyang	364	 cls_9 	95.24	9060	398.0129	2.3112	1.1223	88.96	1	93.4061
hwasun_toyang	365	 cls_9 	0.01	40	5	1	1	0	0	0
hwasun_toyang	366	 cls_9 	0.08	220	18.6841	1.8333	1.199	0	0	0
hwasun_toyang	368	 cls_9 	15.45	2900	190.1559	1.8354	1.1025	13.35	1	86.4078
hwasun_toyang	370	 cls_9 	0.01	40	5	1	1	0	0	0
hwasun_toyang	372	 cls_9 	71.96	7140	349.079	2.1	1.1103	67.05	2	93.1768
hwasun_toyang	378	 cls_9 	3.34	980	75.419	1.3243	1.0563	2.66	1	79.6407
hwasun_toyang	379	 cls_9 	8.29	2060	140.1448	1.7759	1.1027	6.9	1	83.2328
hwasun_toyang	380	 cls_9 	1.17	600	48.4739	1.3636	1.0698	0.75	1	64.1026
hwasun_toyang	382	 cls_9 	0.14	200	16.4144	1.25	1.08	0.02	1	14.2857
hwasun_toyang	383	 cls_9 	1.18	620	44.8959	1.4091	1.0758	0.78	1	66.1017
hwasun_toyang	384	 cls_9 	0.54	360	29.1844	1.2	1.0472	0.29	1	53.7037
hwasun_toyang	386	 cls_9 	0.75	480	41.6182	1.3333	1.0731	0.39	1	52
hwasun_toyang	394	 cls_9 	0.76	480	39.2625	1.3333	1.0715	0.44	1	57.8947
hwasun_toyang	396	 cls_9 	5.76	1860	136.8073	1.9375	1.1207	4.45	1	77.2569
hwasun_toyang	397	 cls_9 	6.86	1440	110.9527	1.3585	1.0571	5.86	1	85.4227
hwasun_toyang	2	 cls_1 	39.8	19020	445.295	7.4882	1.3133	26.63	11	66.9095
hwasun_toyang	3	 cls_1 	568.97	131360	2021.3993	13.7406	1.3372	476.37	46	83.725
hwasun_toyang	4	 cls_1 	2.1	1800	118.0489	3.1034	1.2277	0.71	6	33.8095
hwasun_toyang	5	 cls_1 	0.47	400	30.847	1.4286	1.0893	0.21	1	44.6809
hwasun_toyang	6	 cls_1 	17.26	10380	358.8013	6.1786	1.3038	9.88	11	57.2422
hwasun_toyang	7	 cls_1 	2.07	1940	122.2882	3.3448	1.2446	0.78	6	37.6812
hwasun_toyang	8	 cls_1 	0.27	240	21.2929	1.0909	1.0364	0.09	1	33.3333
hwasun_toyang	9	 cls_1 	1.75	1220	77.2096	2.2593	1.171	0.89	2	50.8571
hwasun_toyang	10	 cls_1 	0.25	340	29.5726	1.7	1.1356	0.04	3	16
hwasun_toyang	11	 cls_1 	0.97	640	60.4711	1.6	1.1057	0.47	1	48.4536
hwasun_toyang	12	 cls_1 	0.15	180	14.8487	1.125	1.041	0.04	1	26.6667
hwasun_toyang	13	 cls_1 	0.47	440	34.0859	1.5714	1.1118	0.18	1	38.2979
hwasun_toyang	14	 cls_1 	0.25	280	21.3083	1.4	1.086	0.08	1	32
hwasun_toyang	15	 cls_1 	0.08	160	12.4195	1.3333	1.1037	0	0	0
hwasun_toyang	17	 cls_1 	0.01	40	5	1	1	0	0	0
hwasun_toyang	18	 cls_1 	122.36	36080	804.8085	8.1261	1.2994	96.54	11	78.8983
hwasun_toyang	20	 cls_1 	1.42	740	52.8001	1.5417	1.092	0.93	1	65.493
hwasun_toyang	22	 cls_1 	249.84	68860	1424.78	10.8612	1.3242	201.33	46	80.5836
hwasun_toyang	23	 cls_1 	371.07	108520	1540.8646	14.057	1.3497	295.02	22	79.5052
hwasun_toyang	24	 cls_1 	6.43	3500	201.2265	3.4314	1.2237	3.97	1	61.7418
hwasun_toyang	25	 cls_1 	2.63	1600	124.917	2.4242	1.1774	1.48	1	56.2738
hwasun_toyang	26	 cls_1 	67.12	18120	566.5855	5.5244	1.2549	54.5	9	81.1979
hwasun_toyang	28	 cls_1 	8.07	2620	160.146	2.2982	1.1479	6.39	1	79.1822
hwasun_toyang	29	 cls_1 	481.53	162020	1746.4993	18.4533	1.379	367.21	41	76.259
hwasun_toyang	30	 cls_1 	2.92	2060	184.8009	2.9429	1.2146	1.34	5	45.8904
hwasun_toyang	31	 cls_1 	1.39	960	86.3398	2	1.149	0.63	4	45.3237
hwasun_toyang	32	 cls_1 	51	14060	581.8587	4.9161	1.2425	40.9	8	80.1961
hwasun_toyang	33	 cls_1 	1.26	1020	64.1504	2.2174	1.1738	0.55	2	43.6508
hwasun_toyang	34	 cls_1 	12.75	4660	327.9536	3.2361	1.2012	9.58	1	75.1373
hwasun_toyang	35	 cls_1 	8.73	2680	167.2233	2.2333	1.1439	6.81	1	78.0069
hwasun_toyang	36	 cls_1 	14.71	5220	220.0973	3.3896	1.2058	11.16	1	75.8668
hwasun_toyang	37	 cls_1 	9.74	4660	277.4713	3.6984	1.2293	6.48	1	66.5298
hwasun_toyang	38	 cls_1 	0.01	40	5	1	1	0	0	0
hwasun_toyang	39	 cls_1 	1.94	880	75.4452	1.5714	1.0926	1.27	1	65.4639
hwasun_toyang	41	 cls_1 	29.16	7520	309.308	3.4815	1.1983	23.75	3	81.4472
hwasun_toyang	42	 cls_1 	3.2	1340	110.7407	1.8611	1.121	2.29	1	71.5625
hwasun_toyang	43	 cls_1 	0.54	420	31.2614	1.4	1.0831	0.26	1	48.1481
hwasun_toyang	44	 cls_1 	9.81	3800	222.5561	3.0159	1.1931	7.15	2	72.8848
hwasun_toyang	45	 cls_1 	1.37	1060	65.3162	2.2083	1.1716	0.68	2	49.635
hwasun_toyang	46	 cls_1 	2.72	2040	155.0135	3.0909	1.2211	1.35	5	49.6324
hwasun_toyang	47	 cls_1 	640.22	91620	1388.2351	9.0355	1.2811	574.01	28	89.6582
hwasun_toyang	48	 cls_1 	280.19	97280	1528.2798	14.5194	1.3605	211.61	32	75.5238
hwasun_toyang	49	 cls_1 	1.03	1100	92.0166	2.619	1.2158	0.25	5	24.2718
hwasun_toyang	50	 cls_1 	2.59	1340	100.9072	2.0303	1.1443	1.61	1	62.1622
hwasun_toyang	51	 cls_1 	2.07	1400	141.0007	2.4138	1.1789	1.05	3	50.7246
hwasun_toyang	52	 cls_1 	0.61	400	33.0953	1.25	1.0567	0.31	1	50.8197
hwasun_toyang	54	 cls_1 	4.22	2340	163.7707	2.7857	1.1965	2.71	2	64.218
hwasun_toyang	55	 cls_1 	0.79	520	43.941	1.4444	1.0847	0.44	1	55.6962
hwasun_toyang	56	 cls_1 	39.65	13740	596.9017	5.4524	1.2632	30.07	9	75.8386
hwasun_toyang	58	 cls_1 	3.43	2120	190.2393	2.7895	1.2014	1.78	2	51.895
hwasun_toyang	59	 cls_1 	1.48	1560	132.058	3.12	1.2426	0.67	1	45.2703
hwasun_toyang	60	 cls_1 	1.1	600	43.4754	1.4286	1.0769	0.74	1	67.2727
hwasun_toyang	61	 cls_1 	3.71	2380	164.4919	3.0513	1.2144	1.96	4	52.8302
hwasun_toyang	62	 cls_1 	0.81	860	59.8483	2.3889	1.1935	0.3	3	37.037
hwasun_toyang	63	 cls_1 	50.68	12500	486.0486	4.3706	1.2252	41.95	3	82.7743
hwasun_toyang	65	 cls_1 	4.77	2840	160.7635	3.2273	1.2189	2.8	1	58.7002
hwasun_toyang	66	 cls_1 	8.72	2560	144.2431	2.1333	1.136	6.85	1	78.555
hwasun_toyang	67	 cls_1 	0.99	660	49.901	1.65	1.11	0.61	1	61.6162
hwasun_toyang	69	 cls_1 	5.76	1860	147.1359	1.9375	1.1207	4.45	1	77.2569
hwasun_toyang	70	 cls_1 	26.84	3840	233.2929	1.8462	1.0987	24.11	2	89.8286
hwasun_toyang	71	 cls_1 	0.86	660	58.2966	1.7368	1.1272	0.37	2	43.0233
hwasun_toyang	73	 cls_1 	0.72	740	51.9784	2.1765	1.1755	0.24	3	33.3333
hwasun_toyang	74	 cls_1 	7.04	2140	142.9654	1.9815	1.1257	5.53	1	78.5511
hwasun_toyang	75	 cls_1 	0.47	620	57.6339	2.2143	1.193	0.06	2	12.766
hwasun_toyang	76	 cls_1 	0.2	280	26.797	1.5556	1.1179	0	0	0
hwasun_toyang	77	 cls_1 	1.35	880	82.0001	1.8333	1.1343	0.69	1	51.1111
hwasun_toyang	78	 cls_1 	48.87	11240	424.9329	4.0143	1.2124	40.99	2	83.8756
hwasun_toyang	79	 cls_1 	0.11	200	16.7053	1.4286	1.1172	0	0	0
hwasun_toyang	80	 cls_1 	19.73	8580	425.2	4.8202	1.2583	13.68	2	69.336
hwasun_toyang	81	 cls_1 	4682.79	755200	4080.8265	27.5822	1.3757	4145.73	236	88.5312
hwasun_toyang	82	 cls_1 	0.04	100	10	1.25	1.0745	0	0	0
hwasun_toyang	83	 cls_1 	0.15	220	16.5662	1.375	1.0959	0.04	1	26.6667
hwasun_toyang	84	 cls_1 	2.52	1820	115.753	2.8438	1.2078	1.17	5	46.4286
hwasun_toyang	85	 cls_1 	0.2	340	27.0621	1.8889	1.169	0.03	1	15
hwasun_toyang	86	 cls_1 	5.93	2300	148.205	2.3469	1.1564	4.26	1	71.8381
hwasun_toyang	87	 cls_1 	1.18	820	80.2082	1.8636	1.1355	0.54	1	45.7627
hwasun_toyang	88	 cls_1 	2.3	1380	103.936	2.2258	1.1637	1.46	1	63.4783
hwasun_toyang	89	 cls_1 	2.55	2100	156.9424	3.2812	1.2346	0.98	7	38.4314
hwasun_toyang	90	 cls_1 	2.64	1460	130.3055	2.2121	1.159	1.6	1	60.6061
hwasun_toyang	91	 cls_1 	1.49	1100	65.989	2.2	1.1691	0.76	1	51.0067
hwasun_toyang	92	 cls_1 	0.25	300	23.6141	1.5	1.1036	0.08	1	32
hwasun_toyang	93	 cls_1 	0.78	460	34.563	1.2778	1.0589	0.51	1	65.3846
hwasun_toyang	94	 cls_1 	18.49	8660	356.8029	5.0349	1.2666	12.37	6	66.901
hwasun_toyang	95	 cls_1 	4.55	2360	175.7812	2.7442	1.1897	2.86	2	62.8571
hwasun_toyang	96	 cls_1 	0.82	560	52.0722	1.4737	1.0967	0.38	1	46.3415
hwasun_toyang	97	 cls_1 	25.6	10720	374.9879	5.2549	1.2677	17.83	4	69.6484
hwasun_toyang	98	 cls_1 	93.58	16420	516.8593	4.232	1.2103	82.14	2	87.7752
hwasun_toyang	99	 cls_1 	7.33	2100	127.4136	1.9091	1.1182	5.79	2	78.9905
hwasun_toyang	100	 cls_1 	78.65	27240	1103.5587	7.6517	1.3003	58.96	5	74.965
hwasun_toyang	101	 cls_1 	7.2	3600	192.6223	3.3333	1.2164	4.74	2	65.8333
hwasun_toyang	102	 cls_1 	0.75	440	33.8279	1.2222	1.0536	0.47	1	62.6667
hwasun_toyang	103	 cls_1 	45.17	14280	482.394	5.2889	1.2565	35	4	77.4851
hwasun_toyang	104	 cls_1 	6.53	3520	260.6482	3.3846	1.2231	4.05	2	62.0214
hwasun_toyang	105	 cls_1 	4.96	1660	116.1361	1.8444	1.1151	3.78	1	76.2097
hwasun_toyang	107	 cls_1 	0.08	140	11.1823	1.1667	1.0637	0.01	1	12.5
hwasun_toyang	108	 cls_1 	2.82	1600	111.0228	2.3529	1.1694	1.67	1	59.2199
hwasun_toyang	109	 cls_1 	0.13	220	19.7748	1.375	1.1178	0	0	0
hwasun_toyang	110	 cls_1 	0.02	60	5	1	1.0222	0	0	0
hwasun_toyang	111	 cls_1 	36.72	12100	382.3642	4.959	1.251	28.17	4	76.7157
hwasun_toyang	112	 cls_1 	1.13	1160	100.7649	2.6364	1.2151	0.37	5	32.7434
hwasun_toyang	113	 cls_1 	0.85	580	41.0292	1.5263	1.1001	0.47	1	55.2941
hwasun_toyang	114	 cls_1 	2.47	1300	138.58	2.0312	1.1437	1.41	1	57.085
hwasun_toyang	115	 cls_1 	0.06	140	11.834	1.4	1.1116	0	0	0
hwasun_toyang	116	 cls_1 	3.7	2120	124.196	2.7179	1.1927	2.28	3	61.6216
hwasun_toyang	117	 cls_1 	860.59	233680	2564.706	19.9046	1.3747	694.07	165	80.6505
hwasun_toyang	118	 cls_1 	190.74	66120	1140.2424	11.935	1.3433	143.1	14	75.0236
hwasun_toyang	123	 cls_1 	0.25	360	26.4638	1.8	1.1503	0.05	2	20
hwasun_toyang	124	 cls_1 	88.65	27340	547.1657	7.2328	1.2895	69.66	21	78.5787
hwasun_toyang	125	 cls_1 	1.1	660	50.561	1.5714	1.0974	0.71	1	64.5455
hwasun_toyang	126	 cls_1 	48.74	13580	398.8481	4.85	1.2415	38.97	6	79.9549
hwasun_toyang	127	 cls_1 	4.65	1940	151.789	2.2045	1.1508	3.31	1	71.1828
hwasun_toyang	128	 cls_1 	1.58	980	66.8806	1.8846	1.1381	0.95	1	60.1266
hwasun_toyang	130	 cls_1 	4.87	3080	186.6913	3.4222	1.2316	2.75	2	56.4682
hwasun_toyang	131	 cls_1 	0.08	120	11.4412	1	1.0176	0	0	0
hwasun_toyang	133	 cls_1 	30.07	8500	294.3666	3.8636	1.2148	24.1	3	80.1463
hwasun_toyang	134	 cls_1 	5.27	3780	218.6486	4.1087	1.2603	2.82	4	53.5104
hwasun_toyang	135	 cls_1 	1.23	880	70.5052	1.913	1.1455	0.76	1	61.7886
hwasun_toyang	136	 cls_1 	15	5080	231.0137	3.2564	1.1993	11.1	2	74
hwasun_toyang	138	 cls_1 	12.89	5640	338.5749	3.9167	1.2325	8.74	2	67.8045
hwasun_toyang	139	 cls_1 	6.42	3680	228.993	3.6078	1.233	3.87	2	60.2804
hwasun_toyang	140	 cls_1 	3.97	1640	94.8726	2.05	1.1363	2.88	1	72.5441
hwasun_toyang	141	 cls_1 	1000.46	218180	2204.239	17.2338	1.3533	844.62	71	84.4232
hwasun_toyang	142	 cls_1 	3.2	1160	89.3702	1.6111	1.0931	2.4	1	75
hwasun_toyang	143	 cls_1 	34.54	10400	415.9419	4.4068	1.2332	27.2	6	78.7493
hwasun_toyang	144	 cls_1 	15.11	4200	275.425	2.6923	1.1666	12.16	1	80.4765
hwasun_toyang	145	 cls_1 	8.44	3880	182.2246	3.2881	1.2126	5.38	3	63.7441
hwasun_toyang	146	 cls_1 	3.24	2060	122.3849	2.8611	1.2024	1.97	1	60.8025
hwasun_toyang	147	 cls_1 	0.88	600	50.6281	1.5789	1.1034	0.44	1	50
hwasun_toyang	148	 cls_1 	121.18	45240	841.7803	10.2353	1.3326	88.89	26	73.3537
hwasun_toyang	149	 cls_1 	3.58	1800	136.1096	2.3684	1.1653	2.33	2	65.0838
hwasun_toyang	150	 cls_1 	0.37	380	29.7914	1.4615	1.1085	0.12	1	32.4324
hwasun_toyang	151	 cls_1 	0.98	780	53.4136	1.95	1.1475	0.45	2	45.9184
hwasun_toyang	152	 cls_1 	4	1840	100.1013	2.3	1.1572	2.82	2	70.5
hwasun_toyang	153	 cls_1 	0.4	400	36.2906	1.5385	1.1105	0.11	2	27.5
hwasun_toyang	154	 cls_1 	64.35	14660	443.145	4.5528	1.2272	54.21	9	84.2424
hwasun_toyang	155	 cls_1 	0.77	600	45.4507	1.6667	1.1198	0.36	2	46.7532
hwasun_toyang	156	 cls_1 	2.25	1320	78.2298	2.2	1.1574	1.33	1	59.1111
hwasun_toyang	157	 cls_1 	1.05	960	70.237	2.2857	1.1838	0.38	3	36.1905
hwasun_toyang	158	 cls_1 	0.97	580	44.9978	1.45	1.0843	0.53	1	54.6392
hwasun_toyang	159	 cls_1 	2.55	1400	86.1052	2.1875	1.1547	1.61	1	63.1373
hwasun_toyang	160	 cls_1 	5.88	2740	177.715	2.7959	1.1891	3.91	2	66.4966
hwasun_toyang	161	 cls_1 	0.86	800	49.7673	2.1053	1.1697	0.35	1	40.6977
hwasun_toyang	162	 cls_1 	0.52	540	45.7326	1.8	1.1466	0.22	1	42.3077
hwasun_toyang	163	 cls_1 	0.72	700	47.3805	2.0588	1.163	0.25	3	34.7222
hwasun_toyang	164	 cls_1 	0.7	500	33.746	1.4706	1.0907	0.39	1	55.7143
hwasun_toyang	167	 cls_1 	1.85	1540	86.1999	2.75	1.2118	0.74	1	40
hwasun_toyang	169	 cls_1 	0.99	580	47.3537	1.45	1.0819	0.58	1	58.5859
hwasun_toyang	172	 cls_1 	0.92	800	60.3052	2	1.161	0.42	2	45.6522
hwasun_toyang	174	 cls_1 	2.2	940	71.4114	1.5667	1.092	1.56	1	70.9091
hwasun_toyang	175	 cls_1 	0.01	40	5	1	1	0	0	0
hwasun_toyang	176	 cls_1 	70.79	19740	520.8856	5.8402	1.2627	57.15	6	80.7317
hwasun_toyang	177	 cls_1 	17.31	8500	333.6603	5.0595	1.2704	11.71	2	67.6488
hwasun_toyang	179	 cls_1 	132.2	39180	939.8708	8.5174	1.304	103.74	10	78.472
hwasun_toyang	185	 cls_1 	59.47	10580	358.1172	3.4129	1.1854	51.86	4	87.2036
hwasun_toyang	186	 cls_1 	222.1	39840	810.0325	6.6622	1.26	194	13	87.348
hwasun_toyang	187	 cls_1 	27.87	10560	462.2825	4.9811	1.2568	20.33	7	72.9458
hwasun_toyang	192	 cls_1 	1812.8	465000	2632.9719	27.2887	1.3957	1488.87	169	82.131
hwasun_toyang	196	 cls_1 	752.54	214560	2051.204	19.541	1.3755	602.99	78	80.1273
hwasun_toyang	197	 cls_1 	36.51	6580	292.3918	2.719	1.1564	31.65	2	86.6886
hwasun_toyang	198	 cls_1 	2.69	1500	147.6054	2.2727	1.1622	1.59	1	59.1078
hwasun_toyang	199	 cls_1 	185.07	68400	1038.9544	12.5275	1.3508	137.05	17	74.0531
hwasun_toyang	200	 cls_1 	19.8	9320	543.1058	5.236	1.2715	13.14	2	66.3636
hwasun_toyang	201	 cls_1 	14.03	6300	244.7161	4.2	1.2424	9.45	4	67.3557
hwasun_toyang	204	 cls_1 	6.1	2200	147.5098	2.2	1.1453	4.57	1	74.918
hwasun_toyang	205	 cls_1 	32.2	3560	232.3936	1.5614	1.071	29.67	1	92.1429
hwasun_toyang	206	 cls_1 	2204.13	299940	2947.2718	15.9712	1.3277	1993.67	105	90.4516
hwasun_toyang	207	 cls_1 	0.4	380	32.7623	1.4615	1.0981	0.13	1	32.5
hwasun_toyang	208	 cls_1 	0.93	780	58.4661	1.95	1.1541	0.47	1	50.5376
hwasun_toyang	209	 cls_1 	6.55	1380	112.5281	1.3269	1.0539	5.55	1	84.7328
hwasun_toyang	210	 cls_1 	1.36	640	53.9575	1.3333	1.0665	0.89	1	65.4412
hwasun_toyang	211	 cls_1 	0.01	40	5	1	1	0	0	0
hwasun_toyang	212	 cls_1 	1.59	1060	96.1941	2.0385	1.1535	0.84	1	52.8302
hwasun_toyang	214	 cls_1 	25.32	4420	230.6114	2.1881	1.1264	22.39	1	88.4281
hwasun_toyang	216	 cls_1 	0.15	200	16.5878	1.25	1.0698	0.04	1	26.6667
hwasun_toyang	217	 cls_1 	0.21	460	40.5858	2.3	1.2406	0	0	0
hwasun_toyang	219	 cls_1 	29.85	11080	369.8298	5.0364	1.2575	22.07	4	73.9363
hwasun_toyang	220	 cls_1 	14.6	6460	302.8783	4.1948	1.2424	10.07	2	68.9726
hwasun_toyang	221	 cls_1 	1.38	820	62.0381	1.7083	1.1168	0.79	1	57.2464
hwasun_toyang	223	 cls_1 	2.64	1320	81.5805	2	1.1392	1.78	1	67.4242
hwasun_toyang	226	 cls_1 	13.79	7180	278.9853	4.7867	1.2663	8.41	4	60.9862
hwasun_toyang	227	 cls_1 	2.43	1180	76.2548	1.8438	1.1263	1.62	1	66.6667
hwasun_toyang	229	 cls_1 	9.41	3880	215.1909	3.129	1.2011	6.48	1	68.8629
hwasun_toyang	231	 cls_1 	1.31	680	54.4329	1.4783	1.0835	0.87	1	66.4122
hwasun_toyang	232	 cls_1 	5.33	1320	100.8142	1.4043	1.0656	4.48	1	84.0525
hwasun_toyang	233	 cls_1 	31.65	12300	476.0694	5.4425	1.2682	22.73	5	71.8167
hwasun_toyang	234	 cls_1 	1.25	920	73.2125	2	1.1529	0.64	2	51.2
hwasun_toyang	235	 cls_1 	4.41	3080	166.6327	3.6667	1.243	2.2	4	49.8866
hwasun_toyang	236	 cls_1 	1.52	1040	75.533	2.08	1.155	0.81	2	53.2895
hwasun_toyang	237	 cls_1 	8.3	3540	239.6608	3.0517	1.1982	5.93	2	71.4458
hwasun_toyang	238	 cls_1 	2.76	1480	80.3034	2.1765	1.1566	1.79	1	64.8551
hwasun_toyang	239	 cls_1 	7.44	2520	136.6643	2.2909	1.1493	5.68	2	76.3441
hwasun_toyang	240	 cls_1 	13.19	4500	189.8865	3.0822	1.1918	10.25	2	77.7104
hwasun_toyang	242	 cls_1 	0.8	600	50.7914	1.6667	1.1151	0.42	1	52.5
hwasun_toyang	243	 cls_1 	23.4	11440	356.6436	5.8969	1.2875	15.7	4	67.094
hwasun_toyang	244	 cls_1 	38.3	5180	254.5976	2.0887	1.1149	34.57	1	90.2611
hwasun_toyang	245	 cls_1 	17.17	8740	243.4169	5.2651	1.2759	11.16	4	64.9971
hwasun_toyang	246	 cls_1 	17.68	7280	502.2255	4.2824	1.2425	12.51	2	70.7579
hwasun_toyang	247	 cls_1 	13.85	6420	243.9319	4.28	1.2469	9.08	1	65.5596
hwasun_toyang	248	 cls_1 	2.55	1120	79.6983	1.75	1.1107	1.75	1	68.6275
hwasun_toyang	249	 cls_1 	2.61	1360	107.3842	2.0606	1.1463	1.71	2	65.5172
hwasun_toyang	250	 cls_1 	0.67	580	44.0473	1.7059	1.1298	0.31	1	46.2687
hwasun_toyang	251	 cls_1 	2.88	1200	78.0268	1.7647	1.111	2.06	1	71.5278
hwasun_toyang	253	 cls_1 	31.23	11580	532.9682	5.1696	1.26	22.78	4	72.9427
hwasun_toyang	254	 cls_1 	4.67	3380	159.2764	3.8409	1.2537	2.39	3	51.1777
hwasun_toyang	255	 cls_1 	132.9	15920	569.9918	3.4459	1.1758	122.09	6	91.8661
hwasun_toyang	256	 cls_1 	0.02	60	5	1	1.0222	0	0	0
hwasun_toyang	257	 cls_1 	10	4260	261.9191	3.3281	1.2109	7.13	4	71.3
hwasun_toyang	258	 cls_1 	48.04	8180	392.0034	2.9424	1.1654	42.19	2	87.8226
hwasun_toyang	259	 cls_1 	2.39	1300	86.176	2.0968	1.1474	1.57	1	65.6904
hwasun_toyang	261	 cls_1 	7.15	3380	171.2737	3.1296	1.2059	4.82	2	67.4126
hwasun_toyang	262	 cls_1 	0.55	420	33.1638	1.4	1.0807	0.27	1	49.0909
hwasun_toyang	263	 cls_1 	6.24	1880	112.5371	1.88	1.1145	4.84	1	77.5641
hwasun_toyang	264	 cls_1 	0.53	460	35.222	1.5333	1.1066	0.27	1	50.9434
hwasun_toyang	265	 cls_1 	5.01	1900	122.821	2.1111	1.1391	3.65	1	72.8543
hwasun_toyang	266	 cls_1 	2.04	1380	82.1919	2.3793	1.1777	1.15	1	56.3725
hwasun_toyang	267	 cls_1 	0.91	560	40.0361	1.4	1.0842	0.59	1	64.8352
hwasun_toyang	268	 cls_1 	1.24	820	64.4133	1.7826	1.1295	0.63	1	50.8065
hwasun_toyang	269	 cls_1 	2.57	1320	88.3034	2	1.1422	1.71	1	66.537
hwasun_toyang	271	 cls_1 	0.28	280	21.0907	1.2727	1.0705	0.11	1	39.2857
hwasun_toyang	272	 cls_1 	0.33	360	32.5624	1.5	1.1108	0.07	2	21.2121
hwasun_toyang	273	 cls_1 	2.34	1400	110.9577	2.2581	1.1645	1.55	1	66.2393
hwasun_toyang	274	 cls_1 	0.37	300	27.4237	1.1538	1.051	0.14	1	37.8378
hwasun_toyang	275	 cls_1 	30.51	15980	451.8598	7.1982	1.3134	19.21	14	62.963
hwasun_toyang	276	 cls_1 	0.83	660	56.5402	1.7368	1.1316	0.38	1	45.7831
hwasun_toyang	277	 cls_1 	0.17	280	22.8183	1.5556	1.1423	0.02	1	11.7647
hwasun_toyang	278	 cls_1 	2.71	1660	87.3962	2.5152	1.1812	1.57	2	57.9336
hwasun_toyang	279	 cls_1 	1.86	1140	80.7015	2.0357	1.1499	1.07	1	57.5269
hwasun_toyang	280	 cls_1 	1.04	940	72.6886	2.2381	1.1805	0.42	3	40.3846
hwasun_toyang	281	 cls_1 	1.94	1540	94.0928	2.75	1.206	0.91	2	46.9072
hwasun_toyang	282	 cls_1 	211.82	43520	1000.717	7.4521	1.2762	181.29	25	85.5868
hwasun_toyang	283	 cls_1 	0.24	400	33.0727	2	1.1834	0.03	2	12.5
hwasun_toyang	284	 cls_1 	12.51	4740	224.9883	3.338	1.206	9.39	3	75.06
hwasun_toyang	285	 cls_1 	29.32	9280	295.3922	4.2569	1.2312	22.74	5	77.558
hwasun_toyang	286	 cls_1 	910.34	250580	2224.8324	20.7434	1.3786	735.92	115	80.8401
hwasun_toyang	287	 cls_1 	123.71	22200	744.3634	4.9776	1.2292	108.48	7	87.6889
hwasun_toyang	288	 cls_1 	0.29	260	21.7769	1.1818	1.0472	0.13	1	44.8276
hwasun_toyang	290	 cls_1 	0.95	540	51.8599	1.35	1.0711	0.51	1	53.6842
hwasun_toyang	291	 cls_1 	0.74	800	66.8517	2.2222	1.1894	0.24	3	32.4324
hwasun_toyang	292	 cls_1 	0.03	80	6.6667	1	1.0504	0	0	0
hwasun_toyang	293	 cls_1 	992.8	226440	2113.2679	17.9429	1.3586	833.33	80	83.9373
hwasun_toyang	294	 cls_1 	0.47	480	39.7014	1.7143	1.1324	0.15	2	31.9149
hwasun_toyang	295	 cls_1 	17.39	8320	305.0579	4.9524	1.2664	11.59	4	66.6475
hwasun_toyang	296	 cls_1 	108.91	19000	644.2119	4.5455	1.218	95.5	9	87.6871
hwasun_toyang	297	 cls_1 	12.99	5980	212.7055	4.0959	1.2416	8.83	5	67.9754
hwasun_toyang	298	 cls_1 	1.06	840	51.2434	2	1.1538	0.48	1	45.283
hwasun_toyang	299	 cls_1 	10.18	4820	266.3357	3.7656	1.2305	6.53	2	64.1454
hwasun_toyang	300	 cls_1 	1.94	840	61.404	1.5	1.0832	1.41	1	72.6804
hwasun_toyang	301	 cls_1 	35.01	6480	281.4533	2.7227	1.1578	30.22	6	86.3182
hwasun_toyang	302	 cls_1 	1.11	1220	100.5854	2.7727	1.2282	0.3	6	27.027
hwasun_toyang	303	 cls_1 	0.26	300	24.2081	1.3636	1.0981	0.08	1	30.7692
hwasun_toyang	304	 cls_1 	22.13	5480	260.717	2.8842	1.1737	18.37	4	83.0095
hwasun_toyang	305	 cls_1 	0.78	860	53.5256	2.3889	1.1986	0.3	3	38.4615
hwasun_toyang	306	 cls_1 	1.16	980	51.3057	2.2273	1.1756	0.54	2	46.5517
hwasun_toyang	307	 cls_1 	0.23	260	20.7413	1.3	1.0786	0.07	1	30.4348
hwasun_toyang	308	 cls_1 	5.67	2900	158.9352	3.0208	1.2034	3.83	1	67.5485
hwasun_toyang	309	 cls_1 	16.26	2580	166.3798	1.5926	1.0783	14.52	1	89.2989
hwasun_toyang	310	 cls_1 	19.24	10000	266.4197	5.6818	1.2861	12.41	6	64.501
hwasun_toyang	311	 cls_1 	2.13	1120	76.9403	1.8667	1.1308	1.43	1	67.1362
hwasun_toyang	312	 cls_1 	0.75	620	49.1013	1.7222	1.1305	0.27	1	36
hwasun_toyang	313	 cls_1 	3.9	2460	144.3909	3.075	1.2149	2.22	4	56.9231
hwasun_toyang	314	 cls_1 	2.11	1440	102.6881	2.4	1.1823	1.12	1	53.0806
hwasun_toyang	315	 cls_1 	0.83	480	38.5811	1.2632	1.0611	0.52	1	62.6506
hwasun_toyang	316	 cls_1 	1.59	1200	73.9113	2.3077	1.1792	0.78	1	49.0566
hwasun_toyang	317	 cls_1 	1.45	1360	114.4831	2.72	1.2167	0.63	2	43.4483
hwasun_toyang	318	 cls_1 	22.95	3560	206.8592	1.8542	1.1004	20.35	1	88.671
hwasun_toyang	319	 cls_1 	2.84	1600	106.7132	2.3529	1.1686	1.68	3	59.1549
hwasun_toyang	320	 cls_1 	1.55	1280	78.5086	2.56	1.1957	0.61	3	39.3548
hwasun_toyang	321	 cls_1 	12.87	4720	237.2397	3.2778	1.2024	9.66	4	75.0583
hwasun_toyang	322	 cls_1 	87.12	21120	546.7502	5.6471	1.2534	71.96	19	82.5987
hwasun_toyang	323	 cls_1 	400.5	125560	2009.1177	15.6559	1.3621	312.05	60	77.9151
hwasun_toyang	324	 cls_1 	87.33	38400	769.8066	10.2674	1.3406	60.49	20	69.266
hwasun_toyang	325	 cls_1 	395.16	133540	1454.4969	16.7764	1.3714	300.59	50	76.0679
hwasun_toyang	326	 cls_1 	412.58	52820	965.0733	6.4889	1.2458	375.68	17	91.0563
hwasun_toyang	327	 cls_1 	18.96	8660	403.0232	4.9205	1.2639	13.06	6	68.8819
hwasun_toyang	328	 cls_1 	0.15	200	15.4623	1.25	1.0698	0.04	1	26.6667
hwasun_toyang	329	 cls_1 	2.05	1600	91.5327	2.7586	1.207	0.99	3	48.2927
hwasun_toyang	330	 cls_1 	1.98	1480	100.1655	2.5517	1.1954	0.87	2	43.9394
hwasun_toyang	331	 cls_1 	0.32	280	22.7637	1.1667	1.0528	0.13	1	40.625
hwasun_toyang	333	 cls_1 	0.38	360	29.8856	1.3846	1.0918	0.15	1	39.4737
hwasun_toyang	334	 cls_1 	0.16	200	15.6207	1.25	1.0605	0.05	1	31.25
hwasun_toyang	335	 cls_1 	0.11	180	13.1401	1.2857	1.0871	0.02	1	18.1818
hwasun_toyang	336	 cls_1 	0.19	260	19.7999	1.4444	1.1059	0.06	1	31.5789
hwasun_toyang	337	 cls_1 	0.32	320	26.0938	1.3333	1.0859	0.13	1	40.625
hwasun_toyang	338	 cls_1 	0.1	200	16.0599	1.4286	1.1326	0	0	0
hwasun_toyang	340	 cls_1 	0.12	180	13.866	1.2857	1.0738	0.03	1	25
hwasun_toyang	341	 cls_1 	0.05	120	12	1.2	1.0946	0	0	0
hwasun_toyang	342	 cls_1 	0.46	500	39.3093	1.7857	1.145	0.16	2	34.7826
hwasun_toyang	343	 cls_1 	1.24	900	64.808	1.9565	1.1493	0.69	3	55.6452
hwasun_toyang	344	 cls_1 	0.03	80	6.6667	1	1.0504	0	0	0
hwasun_toyang	345	 cls_1 	1.28	900	55.9438	1.9565	1.1454	0.68	2	53.125
hwasun_toyang	346	 cls_1 	955.29	260620	2439.9216	21.0517	1.3793	770.75	36	80.6823
hwasun_toyang	347	 cls_1 	1.03	900	59.8891	2.1429	1.1723	0.47	3	45.6311
hwasun_toyang	349	 cls_1 	355.11	89620	1211.3204	11.8859	1.3283	292.26	27	82.3013
hwasun_toyang	352	 cls_1 	40.39	17280	633.356	6.75	1.2969	28.41	3	70.3392
hwasun_toyang	354	 cls_1 	106.13	25820	671.8493	6.2367	1.2645	88.14	7	83.0491
hwasun_toyang	355	 cls_1 	3.06	1560	130.1217	2.2286	1.1552	1.85	1	60.4575
hwasun_toyang	356	 cls_1 	139.31	39900	941.7859	8.4177	1.3017	111.25	8	79.8579
hwasun_toyang	357	 cls_1 	0.75	480	37.1435	1.3333	1.0731	0.41	1	54.6667
hwasun_toyang	358	 cls_1 	2.4	1860	115.3072	3	1.218	1.16	2	48.3333
hwasun_toyang	360	 cls_1 	0.5	480	35.9208	1.6	1.1242	0.21	1	42
hwasun_toyang	361	 cls_1 	1.05	740	57.6396	1.7619	1.1276	0.64	1	60.9524
hwasun_toyang	362	 cls_1 	8.39	1620	115.4599	1.3966	1.0591	7.23	1	86.174
hwasun_toyang	363	 cls_1 	641.42	175300	1916.335	17.288	1.3638	516.69	40	80.5541
hwasun_toyang	367	 cls_1 	1.2	860	56.7237	1.9545	1.1436	0.6	1	50
hwasun_toyang	369	 cls_1 	0.41	500	44.0903	1.9231	1.1608	0.1	4	24.3902
hwasun_toyang	371	 cls_1 	5.05	2320	123.5142	2.5778	1.1751	3.45	2	68.3168
hwasun_toyang	373	 cls_1 	0.22	260	19.8222	1.3	1.0848	0.07	1	31.8182
hwasun_toyang	374	 cls_1 	0.29	280	21.9547	1.2727	1.0658	0.12	1	41.3793
hwasun_toyang	375	 cls_1 	2.63	1380	107.1982	2.0909	1.1483	1.69	1	64.2586
hwasun_toyang	376	 cls_1 	0.68	560	42.4723	1.6471	1.12	0.37	1	54.4118
hwasun_toyang	377	 cls_1 	1.46	780	61.1234	1.56	1.0998	0.85	1	58.2192
hwasun_toyang	381	 cls_1 	0.75	580	40.4737	1.6111	1.1155	0.38	1	50.6667
hwasun_toyang	385	 cls_1 	1.46	960	71.4127	1.92	1.1431	0.81	1	55.4795
hwasun_toyang	387	 cls_1 	31.46	12520	481.1869	5.5398	1.2716	22.92	4	72.8544
hwasun_toyang	388	 cls_1 	42.9	17160	435.9151	6.5496	1.2898	30.96	6	72.1678
hwasun_toyang	389	 cls_1 	0.34	300	25.495	1.25	1.0619	0.13	1	38.2353
hwasun_toyang	390	 cls_1 	1.55	620	48.554	1.24	1.0454	1.13	1	72.9032
hwasun_toyang	391	 cls_1 	3.4	1500	90.1336	2.027	1.1361	2.36	1	69.4118
hwasun_toyang	392	 cls_1 	2.49	1060	90.1161	1.6562	1.1024	1.73	1	69.4779
hwasun_toyang	393	 cls_1 	0.36	320	25.857	1.3333	1.0703	0.15	1	41.6667
hwasun_toyang	395	 cls_1 	1.23	700	48.7642	1.5217	1.0969	0.82	1	66.6667
hwasun_toyang	398	 cls_1 	0.66	560	39.7822	1.6471	1.1238	0.31	1	46.9697
hwasun_toyang	399	 cls_1 	0.56	600	59.2028	2	1.1611	0.11	3	19.6429
hwasun_toyang	400	 cls_1 	0.03	80	6.449	1	1.0504	0	0	0
hwasun_toyang	401	 cls_1 	0.05	100	8.4931	1	1.0359	0	0	0
naju_toyang	1	 cls_9 	14299.77	2038100	8638.7215	42.6024	1.3996	12864.44	234	89.9626
naju_toyang	3	 cls_9 	606.9	132940	1578.8314	13.4828	1.3332	513.01	11	84.5296
naju_toyang	4	 cls_9 	0.01	40	5	1	1	0	0	0
naju_toyang	6	 cls_9 	0.08	200	19.6229	1.6667	1.1705	0	0	0
naju_toyang	9	 cls_9 	14.69	4000	241.4095	2.5974	1.1612	11.99	2	81.6201
naju_toyang	12	 cls_9 	11.09	2760	163.3503	2.0597	1.1254	9.09	1	81.9657
naju_toyang	17	 cls_9 	2.33	1140	79.3528	1.8387	1.1242	1.53	1	65.6652
naju_toyang	19	 cls_9 	0.01	40	5	1	1	0	0	0
naju_toyang	20	 cls_9 	0.01	40	5	1	1	0	0	0
naju_toyang	21	 cls_9 	0.06	160	13.3499	1.6	1.1533	0	0	0
naju_toyang	25	 cls_9 	0.11	180	13.9396	1.2857	1.0871	0.02	1	18.1818
naju_toyang	31	 cls_9 	0.53	400	31.4876	1.3333	1.074	0.25	1	47.1698
naju_toyang	32	 cls_9 	33.04	6920	335.7886	3.0087	1.1734	28.05	1	84.8971
naju_toyang	36	 cls_9 	0.92	540	41.5129	1.35	1.0749	0.57	1	61.9565
naju_toyang	44	 cls_9 	116.78	22180	663.6419	5.1106	1.2341	101.08	2	86.5559
naju_toyang	45	 cls_9 	0.36	380	29.6296	1.5833	1.1122	0.13	1	36.1111
naju_toyang	47	 cls_9 	3.4	1300	109.6821	1.7568	1.1086	2.56	1	75.2941
naju_toyang	48	 cls_9 	11.56	3520	225.0725	2.5882	1.1631	9.1	1	78.7197
naju_toyang	49	 cls_9 	58.62	13180	563.7162	4.2792	1.2198	49.39	2	84.2545
naju_toyang	50	 cls_9 	0.67	420	33.7229	1.2353	1.0565	0.37	1	55.2239
naju_toyang	51	 cls_9 	3.51	1300	98.8291	1.7105	1.1053	2.64	1	75.2137
naju_toyang	52	 cls_9 	0.88	480	37.6032	1.2632	1.0542	0.56	1	63.6364
naju_toyang	58	 cls_9 	0.01	40	5	1	1	0	0	0
naju_toyang	59	 cls_9 	19.44	5420	226.4771	3.0449	1.1844	15.65	4	80.5041
naju_toyang	60	 cls_9 	0.54	420	33.9028	1.4	1.0831	0.26	1	48.1481
naju_toyang	61	 cls_9 	0.69	500	34.6841	1.4706	1.0925	0.37	1	53.6232
naju_toyang	66	 cls_9 	0.19	200	16.8663	1.1111	1.0364	0.06	1	31.5789
naju_toyang	67	 cls_9 	2.91	1660	121.2367	2.3714	1.173	1.81	1	62.1993
naju_toyang	68	 cls_9 	355.22	35520	821.7116	4.7109	1.2055	329.9	1	92.872
naju_toyang	72	 cls_9 	0.13	220	16.7681	1.375	1.1178	0.01	1	7.6923
naju_toyang	73	 cls_9 	96.25	19780	664.2077	5.0203	1.2348	82.31	1	85.5169
naju_toyang	75	 cls_9 	530.15	60880	1011.0167	6.603	1.244	487.91	1	92.0324
naju_toyang	86	 cls_9 	2.76	1200	109.9982	1.7647	1.1156	1.82	1	65.942
naju_toyang	87	 cls_9 	4.6	1480	87.4091	1.7209	1.1016	3.57	1	77.6087
naju_toyang	89	 cls_9 	1.19	600	47.0997	1.3636	1.0679	0.79	1	66.3866
naju_toyang	91	 cls_9 	14.16	2960	159.5122	1.9474	1.114	12.11	1	85.5226
naju_toyang	103	 cls_9 	3.15	1120	83.0404	1.5556	1.088	2.3	1	73.0159
naju_toyang	106	 cls_9 	11.48	3480	180.1864	2.5588	1.1619	8.93	1	77.7875
naju_toyang	110	 cls_9 	2.34	800	61.0614	1.2903	1.0533	1.82	1	77.7778
naju_toyang	114	 cls_9 	1.24	560	44.4843	1.2174	1.0486	0.86	1	69.3548
naju_toyang	116	 cls_9 	4.13	1400	90.3581	1.7073	1.1023	3.21	1	77.724
naju_toyang	117	 cls_9 	1.97	1920	157.9219	3.3103	1.2487	0.73	2	37.0558
naju_toyang	125	 cls_9 	3.8	1680	153.2817	2.1538	1.1456	2.45	1	64.4737
naju_toyang	126	 cls_9 	4.42	1760	128.6851	2.0465	1.1381	3.28	2	74.2081
naju_toyang	129	 cls_9 	0.36	400	32.8289	1.6667	1.1248	0.11	2	30.5556
naju_toyang	131	 cls_9 	41.04	8820	308.6814	3.4186	1.1913	34.53	2	84.1374
naju_toyang	136	 cls_9 	0.88	440	35.8855	1.1579	1.0351	0.59	1	67.0455
naju_toyang	148	 cls_9 	2.1	780	59.7511	1.3448	1.0597	1.56	1	74.2857
naju_toyang	158	 cls_9 	0.5	560	49.7314	1.8667	1.1604	0.13	4	26
naju_toyang	162	 cls_9 	8999.11	901680	4890.2277	23.7534	1.346	8363.8	27	92.9403
naju_toyang	167	 cls_9 	0.33	380	30.5048	1.5833	1.1242	0.12	1	36.3636
naju_toyang	168	 cls_9 	0.89	680	59.2348	1.7895	1.1295	0.4	1	44.9438
naju_toyang	171	 cls_9 	1.6	920	74.906	1.7692	1.1235	0.95	2	59.375
naju_toyang	172	 cls_9 	1.22	560	46.5395	1.2174	1.0504	0.84	1	68.8525
naju_toyang	181	 cls_9 	2.27	940	77.6004	1.5161	1.0886	1.61	1	70.9251
naju_toyang	182	 cls_9 	1.43	1140	106.2883	2.375	1.1815	0.5	1	34.965
naju_toyang	184	 cls_9 	60.28	10820	372.8312	3.4679	1.1876	52.68	1	87.3922
naju_toyang	185	 cls_9 	2.79	1440	96.3445	2.1176	1.15	1.86	2	66.6667
naju_toyang	188	 cls_9 	16.98	3420	199.187	2.0602	1.1212	14.52	1	85.5124
naju_toyang	189	 cls_9 	0.42	580	41.3441	2.2308	1.1931	0.1	2	23.8095
naju_toyang	190	 cls_9 	0.4	320	25.1699	1.2308	1.0567	0.18	1	45
naju_toyang	191	 cls_9 	5.05	3180	197.6672	3.5333	1.2333	2.94	1	58.2178
naju_toyang	192	 cls_9 	1.17	540	41.4115	1.2273	1.0473	0.83	1	70.9402
naju_toyang	193	 cls_9 	2.39	1440	137.4287	2.3226	1.1677	1.22	1	51.046
naju_toyang	194	 cls_9 	16.22	2060	160.5931	1.2716	1.041	14.81	1	91.307
naju_toyang	196	 cls_9 	4.53	1440	107.2633	1.6744	1.098	3.52	1	77.7042
naju_toyang	198	 cls_9 	14.52	3700	308.0444	2.4026	1.1492	11.86	1	81.6804
naju_toyang	199	 cls_9 	0.52	460	39.0582	1.5333	1.1091	0.23	1	44.2308
naju_toyang	202	 cls_9 	853.79	137820	1496.2451	11.7795	1.3092	756.77	15	88.6365
naju_toyang	203	 cls_9 	226.6	46600	783.2563	7.7152	1.2797	193.69	1	85.4766
naju_toyang	208	 cls_9 	1.36	620	47.206	1.2917	1.0598	0.96	1	70.5882
naju_toyang	211	 cls_9 	18.08	3300	181.4827	1.9186	1.1095	15.82	1	87.5
naju_toyang	214	 cls_9 	54.22	8480	352.5817	2.8649	1.1602	48.35	1	89.1737
naju_toyang	217	 cls_9 	3.18	1640	115.9785	2.2778	1.1606	2.1	2	66.0377
naju_toyang	220	 cls_9 	11.64	2840	187.3227	2.058	1.1257	9.53	4	81.8729
naju_toyang	221	 cls_9 	67.81	15700	553.2202	4.7576	1.2326	56.71	2	83.6307
naju_toyang	222	 cls_9 	5.35	1940	101.9464	2.0638	1.136	4.02	1	75.1402
naju_toyang	224	 cls_9 	0.46	360	27.1271	1.2857	1.0671	0.27	1	58.6957
naju_toyang	225	 cls_9 	1.41	560	50.2776	1.1667	1.0345	0.97	1	68.7943
naju_toyang	228	 cls_9 	29.93	7160	326.547	3.2545	1.188	24.97	1	83.428
naju_toyang	229	 cls_9 	9.68	3100	200.132	2.4603	1.159	7.62	1	78.719
naju_toyang	232	 cls_9 	0.28	320	23.8435	1.4545	1.1042	0.11	1	39.2857
naju_toyang	233	 cls_9 	0.69	540	42.5285	1.5882	1.1099	0.36	1	52.1739
naju_toyang	235	 cls_9 	0.53	380	29.0755	1.2667	1.0621	0.28	1	52.8302
naju_toyang	238	 cls_9 	2.84	1040	76.6551	1.5294	1.0846	2.09	1	73.5915
naju_toyang	239	 cls_9 	1.6	620	49.5862	1.1923	1.042	1.13	1	70.625
naju_toyang	241	 cls_9 	0.61	340	29.5471	1.0625	1.0194	0.37	1	60.6557
naju_toyang	243	 cls_9 	0.01	40	5	1	1	0	0	0
naju_toyang	244	 cls_9 	0.12	260	30	1.8571	1.1775	0	0	0
naju_toyang	247	 cls_9 	0.51	500	38.0839	1.6667	1.1312	0.18	2	35.2941
naju_toyang	255	 cls_9 	0.67	420	34.348	1.2353	1.0565	0.41	1	61.194
naju_toyang	260	 cls_9 	0.46	340	27.4895	1.2143	1.0535	0.25	1	54.3478
naju_toyang	262	 cls_9 	0.3	260	21.2822	1.1818	1.0428	0.14	1	46.6667
naju_toyang	266	 cls_9 	0.01	40	5	1	1	0	0	0
naju_toyang	269	 cls_9 	591.11	114240	1380.3398	11.729	1.316	510.81	5	86.4154
naju_toyang	270	 cls_9 	8	2040	154.1969	1.7895	1.1044	6.59	1	82.375
naju_toyang	273	 cls_9 	1.94	740	54.4763	1.3214	1.0575	1.48	1	76.2887
naju_toyang	277	 cls_9 	2.67	980	73.0532	1.4848	1.0795	1.98	1	74.1573
naju_toyang	280	 cls_9 	0.2	220	17.7733	1.2222	1.0544	0.06	1	30
naju_toyang	283	 cls_9 	2.35	1020	83.1972	1.6452	1.1011	1.58	1	67.234
naju_toyang	290	 cls_9 	3.95	2040	137.939	2.55	1.1781	2.54	1	64.3038
naju_toyang	295	 cls_9 	5.78	2180	129.0145	2.2245	1.1493	4.29	1	74.2215
naju_toyang	304	 cls_9 	0.97	580	43.0196	1.45	1.0843	0.57	1	58.7629
naju_toyang	305	 cls_9 	1.84	740	54.9941	1.3214	1.0632	1.39	1	75.5435
naju_toyang	306	 cls_9 	1.16	520	42.0697	1.1818	1.0402	0.8	1	68.9655
naju_toyang	307	 cls_9 	0.42	340	26.9458	1.3077	1.065	0.2	1	47.619
naju_toyang	308	 cls_9 	0.01	40	5	1	1	0	0	0
naju_toyang	309	 cls_9 	0.01	40	5	1	1	0	0	0
naju_toyang	310	 cls_9 	0.01	40	5	1	1	0	0	0
naju_toyang	311	 cls_9 	0.23	640	61.0762	3.2	1.3113	0	0	0
naju_toyang	312	 cls_9 	84.19	15160	518.8598	4.1196	1.2079	73.5	1	87.3025
naju_toyang	313	 cls_9 	0.89	540	42.2955	1.4211	1.0788	0.55	1	61.7978
naju_toyang	314	 cls_9 	614.93	113020	1871.5825	11.3931	1.3113	534.11	5	86.857
naju_toyang	315	 cls_9 	0.44	320	27.881	1.1429	1.0447	0.22	1	50
naju_toyang	316	 cls_9 	0.53	420	33.4053	1.4	1.0854	0.28	1	52.8302
naju_toyang	317	 cls_9 	0.01	40	5	1	1	0	0	0
naju_toyang	318	 cls_9 	0.01	40	5	1	1	0	0	0
naju_toyang	319	 cls_9 	1.8	780	64.042	1.4444	1.0763	1.26	1	70
naju_toyang	320	 cls_9 	0.01	40	5	1	1	0	0	0
naju_toyang	321	 cls_9 	0.01	40	5	1	1	0	0	0
naju_toyang	322	 cls_9 	0.01	40	5	1	1	0	0	0
naju_toyang	323	 cls_9 	1.68	840	65.7005	1.6154	1.0992	1.1	1	65.4762
naju_toyang	328	 cls_9 	5.23	2140	120.6618	2.3261	1.1564	3.76	2	71.8929
naju_toyang	329	 cls_9 	0.85	500	42.1205	1.3158	1.0673	0.51	1	60
naju_toyang	330	 cls_9 	0.54	360	28.6956	1.2	1.0472	0.31	1	57.4074
naju_toyang	331	 cls_9 	0.27	340	29.4561	1.5455	1.1246	0.04	2	14.8148
naju_toyang	335	 cls_9 	1.27	820	62.5901	1.7826	1.1266	0.69	1	54.3307
naju_toyang	336	 cls_9 	29.48	7280	301.1506	3.3394	1.1921	24.35	1	82.5984
naju_toyang	338	 cls_9 	0.59	360	29.3267	1.125	1.0365	0.37	1	62.7119
naju_toyang	340	 cls_9 	21.42	4540	270.5437	2.4409	1.1462	18.3	1	85.4342
naju_toyang	341	 cls_9 	0.78	440	35.2193	1.2222	1.049	0.49	1	62.8205
naju_toyang	342	 cls_9 	10.27	3620	240.8888	2.7846	1.1799	7.74	1	75.3651
naju_toyang	345	 cls_9 	0.36	320	24.9852	1.3333	1.0703	0.17	1	47.2222
naju_toyang	350	 cls_9 	0.38	420	29.3648	1.6154	1.1292	0.08	2	21.0526
naju_toyang	352	 cls_9 	4.08	1060	83.4996	1.2927	1.0511	3.41	1	83.5784
naju_toyang	355	 cls_9 	0.01	40	5	1	1	0	0	0
naju_toyang	356	 cls_9 	0.01	40	5	1	1	0	0	0
naju_toyang	357	 cls_9 	29.32	4480	237.2596	2.055	1.1155	26.06	1	88.8813
naju_toyang	361	 cls_9 	2.03	1220	95.416	2.1034	1.1535	1.11	1	54.6798
naju_toyang	362	 cls_9 	1.63	600	53.1489	1.1538	1.0332	1.16	1	71.1656
naju_toyang	363	 cls_9 	0.53	400	32.7682	1.3333	1.074	0.29	1	54.717
naju_toyang	364	 cls_9 	0.37	300	24.397	1.1538	1.051	0.19	1	51.3514
naju_toyang	365	 cls_9 	4.86	1540	98.3546	1.7111	1.1033	3.77	1	77.572
naju_toyang	373	 cls_9 	0.68	420	34.548	1.2353	1.0548	0.39	1	57.3529
naju_toyang	374	 cls_9 	3.79	1020	78.0592	1.3077	1.0512	3.08	1	81.2665
naju_toyang	378	 cls_9 	2.13	740	57.8689	1.2333	1.0476	1.64	1	76.9953
naju_toyang	379	 cls_9 	1.44	940	75.0391	1.9583	1.1404	0.82	1	56.9444
naju_toyang	382	 cls_9 	0.8	460	35.8927	1.2778	1.0559	0.5	1	62.5
naju_toyang	384	 cls_9 	2.49	840	64.2794	1.3125	1.0565	1.92	1	77.1084
naju_toyang	385	 cls_9 	0.11	180	16.9311	1.2857	1.0871	0	0	0
naju_toyang	386	 cls_9 	2.24	1280	114.5642	2.1333	1.1517	1.36	2	60.7143
naju_toyang	387	 cls_9 	0.08	120	11.4412	1	1.0176	0	0	0
naju_toyang	388	 cls_9 	67.44	10920	681.8115	3.3091	1.179	59.6	1	88.3749
naju_toyang	389	 cls_9 	5.14	1940	129.5106	2.1087	1.1402	3.76	1	73.1518
naju_toyang	390	 cls_9 	3.63	1380	126.6414	1.7692	1.1131	2.64	1	72.7273
naju_toyang	391	 cls_9 	6.33	1480	106.9075	1.451	1.0698	5.3	1	83.7283
naju_toyang	392	 cls_9 	2.82	960	73.443	1.4118	1.0697	2.13	1	75.5319
naju_toyang	393	 cls_9 	3.16	960	76.7153	1.3333	1.0579	2.53	1	80.0633
naju_toyang	395	 cls_9 	1.56	1100	76.4458	2.2	1.1635	0.88	1	56.4103
naju_toyang	396	 cls_9 	0.05	120	9.7003	1.2	1.0946	0	0	0
naju_toyang	403	 cls_9 	0.95	520	39.3092	1.3	1.0629	0.58	1	61.0526
naju_toyang	407	 cls_9 	2.29	1040	73.2483	1.6774	1.1078	1.59	1	69.4323
naju_toyang	408	 cls_9 	192.1	38280	855.5416	6.8849	1.2671	165.53	3	86.1687
naju_toyang	413	 cls_9 	2.45	1180	96.1458	1.8438	1.1254	1.64	1	66.9388
naju_toyang	416	 cls_9 	1.62	700	53.3109	1.3462	1.0657	1.18	1	72.8395
naju_toyang	417	 cls_9 	2.34	960	70.6121	1.5484	1.0895	1.69	1	72.2222
naju_toyang	422	 cls_9 	21.59	4280	198.0455	2.3011	1.1358	18.69	1	86.5679
naju_toyang	423	 cls_9 	0.62	400	32.3572	1.25	1.0547	0.37	1	59.6774
naju_toyang	424	 cls_9 	1.47	660	51.9683	1.32	1.0642	1.06	1	72.1088
naju_toyang	430	 cls_9 	4.17	1320	87.635	1.6098	1.0902	3.26	1	78.1775
naju_toyang	437	 cls_9 	2.16	1120	75.1654	1.8667	1.1292	1.43	1	66.2037
naju_toyang	440	 cls_9 	0.56	380	32.0535	1.2667	1.0553	0.3	1	53.5714
naju_toyang	442	 cls_9 	0.17	220	17.2183	1.2222	1.0775	0.05	1	29.4118
naju_toyang	445	 cls_9 	3.03	920	69.5621	1.3143	1.054	2.4	1	79.2079
naju_toyang	447	 cls_9 	2	700	54.8626	1.2069	1.043	1.55	1	77.5
naju_toyang	452	 cls_9 	18.19	5360	251.1892	3.1163	1.1891	14.51	1	79.7691
naju_toyang	454	 cls_9 	1.37	760	58.979	1.5833	1.1017	0.83	1	60.5839
naju_toyang	455	 cls_9 	2.04	780	61.6587	1.3448	1.0628	1.45	1	71.0784
naju_toyang	458	 cls_9 	0.68	700	63.6728	2.0588	1.1705	0.17	5	25
naju_toyang	460	 cls_9 	0.58	340	28.7643	1.0625	1.0254	0.36	1	62.069
naju_toyang	462	 cls_9 	0.11	140	12.5309	1	1.0154	0.02	1	18.1818
naju_toyang	464	 cls_9 	0.83	420	36.1743	1.1053	1.0315	0.54	1	65.0602
naju_toyang	477	 cls_9 	142.24	36000	618.7861	7.5314	1.2853	117.09	3	82.3186
naju_toyang	479	 cls_9 	2.76	1720	103.5756	2.5294	1.186	1.57	2	56.8841
naju_toyang	480	 cls_9 	10	3040	156.6375	2.375	1.1523	7.98	3	79.8
naju_toyang	481	 cls_9 	1.32	560	44.4797	1.2174	1.0417	0.95	1	71.9697
naju_toyang	482	 cls_9 	1.97	820	60.615	1.4138	1.0766	1.41	1	71.5736
naju_toyang	483	 cls_9 	0.28	320	24.0032	1.4545	1.1042	0.09	1	32.1429
naju_toyang	486	 cls_9 	0.4	340	26.1684	1.3077	1.0713	0.19	1	47.5
naju_toyang	487	 cls_9 	1.55	700	56.526	1.4	1.0706	1.08	1	69.6774
naju_toyang	490	 cls_9 	2.98	980	69.9148	1.4	1.068	2.28	1	76.5101
naju_toyang	492	 cls_9 	6.31	1860	124.843	1.8235	1.1114	5.02	1	79.5563
naju_toyang	494	 cls_9 	28.21	4960	248.7944	2.3178	1.1351	24.7	1	87.5576
naju_toyang	495	 cls_9 	0.57	460	35.3703	1.4375	1.0973	0.27	1	47.3684
naju_toyang	501	 cls_9 	0.22	240	23.8772	1.2	1.064	0.03	1	13.6364
naju_toyang	503	 cls_9 	1.5	800	59.8961	1.6	1.102	1.01	1	67.3333
naju_toyang	504	 cls_9 	0.02	80	7.0711	1.3333	1.1308	0	0	0
naju_toyang	506	 cls_9 	1.36	680	49.2496	1.4167	1.0792	0.93	1	68.3824
naju_toyang	511	 cls_9 	1.06	480	39.6153	1.1429	1.0331	0.73	1	68.8679
naju_toyang	515	 cls_9 	1.77	760	60.2974	1.4074	1.0729	1.26	1	71.1864
naju_toyang	520	 cls_9 	4.14	1540	101.8171	1.878	1.12	3.14	2	75.8454
naju_toyang	521	 cls_9 	8.08	2360	181.9067	2.0702	1.1293	6.44	1	79.703
naju_toyang	522	 cls_9 	18.09	2980	188.1345	1.7326	1.0926	16.12	1	89.11
naju_toyang	528	 cls_9 	0.34	280	23.0437	1.1667	1.0449	0.16	1	47.0588
naju_toyang	529	 cls_9 	1.57	720	59.5705	1.3846	1.075	1.03	1	65.6051
naju_toyang	530	 cls_9 	0.35	500	49.3461	2.0833	1.1833	0.02	2	5.7143
naju_toyang	533	 cls_9 	21.59	7040	283.4608	3.7849	1.2169	16.65	1	77.119
naju_toyang	534	 cls_9 	0.32	320	25.6966	1.3333	1.0859	0.12	1	37.5
naju_toyang	535	 cls_9 	44.02	8660	317.7352	3.2556	1.182	37.92	1	86.1427
naju_toyang	536	 cls_9 	0.47	360	29.4242	1.2857	1.0644	0.24	1	51.0638
naju_toyang	539	 cls_9 	56.58	6920	319.4291	2.2914	1.1258	51.8	1	91.5518
naju_toyang	541	 cls_9 	2	980	84.0478	1.6897	1.111	1.28	1	64
naju_toyang	542	 cls_9 	1.25	660	52.5845	1.4348	1.0825	0.81	1	64.8
naju_toyang	545	 cls_9 	83.61	17100	625.4597	4.6721	1.2262	71.9	2	85.9945
naju_toyang	547	 cls_9 	0.95	660	46.0994	1.65	1.115	0.52	1	54.7368
naju_toyang	548	 cls_9 	1.36	900	73.1347	1.875	1.1381	0.72	1	52.9412
naju_toyang	549	 cls_9 	2.84	980	72.1211	1.4412	1.073	2.14	1	75.3521
naju_toyang	550	 cls_9 	4.87	1680	127.4391	1.8667	1.1192	3.7	1	75.9754
naju_toyang	552	 cls_9 	346.27	49160	1006.9598	6.5898	1.2507	311.75	1	90.0309
naju_toyang	553	 cls_9 	2.31	900	67.6324	1.4516	1.0781	1.71	1	74.026
naju_toyang	555	 cls_9 	0.01	40	5	1	1	0	0	0
naju_toyang	556	 cls_9 	31.6	9980	358.4736	4.4159	1.2354	24.66	1	78.038
naju_toyang	558	 cls_9 	0.32	280	21.7706	1.1667	1.0528	0.16	1	50
naju_toyang	561	 cls_9 	263.6	32800	868.3758	5.0462	1.2191	240.57	1	91.2633
naju_toyang	562	 cls_9 	1.42	820	66.0166	1.7083	1.1135	0.94	1	66.1972
naju_toyang	568	 cls_9 	1.46	620	48.7279	1.24	1.0519	1.08	1	73.9726
naju_toyang	569	 cls_9 	0.57	380	30.695	1.1875	1.0531	0.32	1	56.1404
naju_toyang	571	 cls_9 	1.05	560	42.5647	1.3333	1.0674	0.69	1	65.7143
naju_toyang	574	 cls_9 	0.85	460	37.1669	1.2105	1.0489	0.53	1	62.3529
naju_toyang	575	 cls_9 	6.67	1940	169.0486	1.8654	1.1135	5.22	1	78.2609
naju_toyang	576	 cls_9 	0.17	340	40.1392	1.8889	1.1945	0	0	0
naju_toyang	578	 cls_9 	5.14	1260	97.5948	1.3696	1.0606	4.2	1	81.7121
naju_toyang	579	 cls_9 	179.99	26800	674.0918	4.9814	1.2233	160.46	4	89.1494
naju_toyang	580	 cls_9 	45.85	8680	328.2944	3.1912	1.1787	39.68	1	86.5431
naju_toyang	581	 cls_9 	0.7	480	38.3791	1.4118	1.0815	0.42	1	60
naju_toyang	586	 cls_9 	1.34	980	89.2656	2.0417	1.1578	0.6	2	44.7761
naju_toyang	587	 cls_9 	0.91	700	50.5813	1.75	1.1331	0.46	2	50.5495
naju_toyang	588	 cls_9 	2.54	840	68.2271	1.3125	1.0544	1.98	1	77.9528
naju_toyang	589	 cls_9 	16.9	3940	275.9631	2.3735	1.1452	14.2	1	84.0237
naju_toyang	590	 cls_9 	1.58	620	48.0823	1.1923	1.0433	1.17	1	74.0506
naju_toyang	591	 cls_9 	0.73	420	34.4981	1.1667	1.0463	0.44	1	60.274
naju_toyang	592	 cls_9 	25.66	5080	238.652	2.4902	1.1476	22.27	1	86.7888
naju_toyang	594	 cls_9 	0.01	40	5	1	1	0	0	0
naju_toyang	597	 cls_9 	0.07	140	11.3773	1.1667	1.0854	0	0	0
naju_toyang	599	 cls_9 	2.3	1920	141.9734	3.0968	1.2294	1.04	2	45.2174
naju_toyang	607	 cls_9 	0.01	40	5	1	1	0	0	0
naju_toyang	608	 cls_9 	0.04	120	11.4412	1.5	1.1353	0	0	0
naju_toyang	609	 cls_9 	0.01	40	5	1	1	0	0	0
naju_toyang	610	 cls_9 	0.03	80	6.6667	1	1.0504	0	0	0
naju_toyang	612	 cls_9 	0.04	100	10	1.25	1.0745	0	0	0
naju_toyang	613	 cls_9 	12.02	6860	461.461	4.9	1.2734	7.13	8	59.3178
naju_toyang	615	 cls_9 	0.01	40	5	1	1	0	0	0
naju_toyang	616	 cls_9 	0.01	40	5	1	1	0	0	0
naju_toyang	617	 cls_9 	0.15	220	17.5706	1.375	1.0959	0.03	1	20
naju_toyang	619	 cls_9 	0.01	40	5	1	1	0	0	0
naju_toyang	620	 cls_9 	15.82	3240	181.6025	2.025	1.1188	13.49	1	85.2718
naju_toyang	621	 cls_9 	7.26	1740	134.3346	1.6111	1.0856	6.03	1	83.0579
naju_toyang	625	 cls_9 	2.29	1760	104.0781	2.8387	1.2126	1.2	2	52.4017
naju_toyang	2	 cls_1 	0.91	680	52.9563	1.7	1.1268	0.48	1	52.7473
naju_toyang	5	 cls_1 	7.58	2880	198.408	2.5714	1.1711	5.67	1	74.8021
naju_toyang	7	 cls_1 	0.02	60	5	1	1.0222	0	0	0
naju_toyang	8	 cls_1 	3272.48	365420	3126.9285	15.9572	1.3202	3014.93	42	92.1298
naju_toyang	10	 cls_1 	597.15	160840	1746.2757	16.4458	1.359	483.29	68	80.9328
naju_toyang	11	 cls_1 	0.02	60	5	1	1.0222	0	0	0
naju_toyang	13	 cls_1 	0.15	200	16.4204	1.25	1.0698	0.03	1	20
naju_toyang	14	 cls_1 	0.07	140	11.8818	1.1667	1.0854	0	0	0
naju_toyang	15	 cls_1 	0.02	60	5	1	1.0222	0	0	0
naju_toyang	16	 cls_1 	16.01	4360	259.7027	2.6914	1.1673	13	2	81.1993
naju_toyang	18	 cls_1 	79.71	17320	489.979	4.838	1.2324	67.6	3	84.8074
naju_toyang	22	 cls_1 	74.42	16600	405.5035	4.7977	1.2324	62.78	3	84.359
naju_toyang	23	 cls_1 	0.39	340	27.2806	1.3077	1.0746	0.16	1	41.0256
naju_toyang	24	 cls_1 	0.13	200	18.1628	1.25	1.0912	0	0	0
naju_toyang	26	 cls_1 	10.68	3820	188.0217	2.8939	1.1852	7.85	3	73.5019
naju_toyang	27	 cls_1 	0.04	160	14.1421	2	1.2314	0	0	0
naju_toyang	28	 cls_1 	0.06	140	12.8827	1.4	1.1116	0	0	0
naju_toyang	29	 cls_1 	3.5	1140	88.4321	1.5	1.0805	2.67	1	76.2857
naju_toyang	30	 cls_1 	3495.44	384620	3542.7132	16.2561	1.3211	3223.25	47	92.213
naju_toyang	33	 cls_1 	12.54	3820	175.2956	2.6901	1.169	9.8	1	78.1499
naju_toyang	34	 cls_1 	1.81	980	74.291	1.8148	1.1223	1.19	1	65.7459
naju_toyang	35	 cls_1 	0.58	580	36.4741	1.8125	1.1486	0.21	3	36.2069
naju_toyang	37	 cls_1 	5.9	2620	194.6922	2.6735	1.1806	4.05	1	68.6441
naju_toyang	38	 cls_1 	6.64	3980	193.1062	3.8269	1.2434	4	4	60.241
naju_toyang	39	 cls_1 	0.13	220	17.5377	1.375	1.1178	0.02	1	15.3846
naju_toyang	40	 cls_1 	0.03	80	6.449	1	1.0504	0	0	0
naju_toyang	41	 cls_1 	35.4	10020	324.6572	4.2101	1.225	28.02	3	79.1525
naju_toyang	42	 cls_1 	2.12	900	71.0687	1.5	1.0874	1.46	1	68.8679
naju_toyang	43	 cls_1 	1.11	600	44.0165	1.3636	1.0759	0.72	1	64.8649
naju_toyang	46	 cls_1 	1.24	800	53.6276	1.7391	1.1243	0.69	1	55.6452
naju_toyang	53	 cls_1 	0.01	40	5	1	1	0	0	0
naju_toyang	54	 cls_1 	4.73	2220	196.6494	2.5227	1.1741	3.11	1	65.7505
naju_toyang	55	 cls_1 	1.01	780	59.4199	1.8571	1.1438	0.5	1	49.505
naju_toyang	56	 cls_1 	0.35	320	28.7099	1.3333	1.074	0.12	1	34.2857
naju_toyang	57	 cls_1 	0.18	220	17.5658	1.2222	1.0693	0.05	1	27.7778
naju_toyang	62	 cls_1 	0.04	100	7.569	1.25	1.0745	0	0	0
naju_toyang	63	 cls_1 	2.25	1160	93.468	1.9333	1.1316	1.49	1	66.2222
naju_toyang	64	 cls_1 	0.75	620	45.877	1.7222	1.1305	0.36	1	48
naju_toyang	65	 cls_1 	3.08	980	69.5462	1.3611	1.0646	2.4	1	77.9221
naju_toyang	69	 cls_1 	0.36	340	28.2848	1.4167	1.0851	0.14	1	38.8889
naju_toyang	70	 cls_1 	3.54	2260	202.752	2.9737	1.21	2.16	1	61.0169
naju_toyang	71	 cls_1 	1.91	1040	69.3422	1.8571	1.1282	1.19	1	62.3037
naju_toyang	74	 cls_1 	0.91	560	45.9268	1.4	1.0842	0.5	1	54.9451
naju_toyang	76	 cls_1 	0.36	340	26.7086	1.4167	1.0851	0.15	1	41.6667
naju_toyang	77	 cls_1 	2.29	1200	76.4989	1.9355	1.1363	1.55	1	67.6856
naju_toyang	78	 cls_1 	962.98	142020	2219.529	11.4348	1.3031	862.27	26	89.5418
naju_toyang	79	 cls_1 	0.01	40	5	1	1	0	0	0
naju_toyang	80	 cls_1 	0.02	60	5	1	1.0222	0	0	0
naju_toyang	81	 cls_1 	5.31	1780	128.6279	1.8936	1.121	4.05	1	76.2712
naju_toyang	82	 cls_1 	47.81	9080	362.6743	3.2662	1.1818	41.3	1	86.3836
naju_toyang	83	 cls_1 	9.19	3360	175.2871	2.7541	1.1784	6.94	1	75.5169
naju_toyang	84	 cls_1 	0.43	380	33.5332	1.3571	1.0886	0.17	1	39.5349
naju_toyang	85	 cls_1 	1.22	920	67.1861	2	1.1559	0.65	1	53.2787
naju_toyang	88	 cls_1 	0.99	560	45.1148	1.4	1.0742	0.62	1	62.6263
naju_toyang	90	 cls_1 	0.46	340	28.1064	1.2143	1.0535	0.24	1	52.1739
naju_toyang	92	 cls_1 	12.78	5080	223.1895	3.5278	1.2156	9.24	4	72.3005
naju_toyang	93	 cls_1 	0.08	160	14.3313	1.3333	1.1037	0	0	0
naju_toyang	94	 cls_1 	49.96	13380	410.0712	4.7113	1.2369	40.54	2	81.1449
naju_toyang	95	 cls_1 	0.01	40	5	1	1	0	0	0
naju_toyang	96	 cls_1 	4.4	1480	117.2613	1.7619	1.1062	3.32	1	75.4545
naju_toyang	97	 cls_1 	1.68	1120	95.3412	2.1538	1.1583	0.9	1	53.5714
naju_toyang	98	 cls_1 	0.21	400	37.2649	2	1.204	0	0	0
naju_toyang	99	 cls_1 	0.64	540	48.32	1.6875	1.1194	0.23	2	35.9375
naju_toyang	100	 cls_1 	0.01	40	5	1	1	0	0	0
naju_toyang	101	 cls_1 	1.71	920	66.1937	1.7037	1.1159	1.17	1	68.4211
naju_toyang	102	 cls_1 	0.06	140	11.834	1.4	1.1116	0	0	0
naju_toyang	104	 cls_1 	1.46	620	49.1917	1.24	1.0519	1.05	1	71.9178
naju_toyang	105	 cls_1 	0.5	460	38.0525	1.5333	1.1142	0.21	2	42
naju_toyang	107	 cls_1 	1.75	680	54.2528	1.2593	1.0513	1.27	1	72.5714
naju_toyang	108	 cls_1 	5	2140	141.9721	2.3778	1.1613	3.59	1	71.8
naju_toyang	109	 cls_1 	0.88	540	45.5717	1.4211	1.0802	0.48	1	54.5455
naju_toyang	111	 cls_1 	1.34	980	76.2387	2.0417	1.1578	0.78	1	58.209
naju_toyang	112	 cls_1 	0.73	520	40.9044	1.4444	1.0944	0.38	1	52.0548
naju_toyang	113	 cls_1 	1.49	900	72.6387	1.8	1.1273	0.92	1	61.745
naju_toyang	115	 cls_1 	1.71	1000	76.2903	1.8519	1.133	1.07	1	62.5731
naju_toyang	118	 cls_1 	94.12	5940	409.545	1.5231	1.0619	89.88	1	95.4951
naju_toyang	119	 cls_1 	0.3	520	45.405	2.3636	1.2159	0	0	0
naju_toyang	120	 cls_1 	0.39	420	37.9477	1.6154	1.1257	0.1	3	25.641
naju_toyang	121	 cls_1 	0.01	40	5	1	1	0	0	0
naju_toyang	122	 cls_1 	0.64	520	36.4242	1.625	1.1108	0.34	1	53.125
naju_toyang	123	 cls_1 	0.1	220	19.0685	1.5714	1.1602	0	0	0
naju_toyang	124	 cls_1 	0.51	440	38.1705	1.4667	1.1012	0.18	1	35.2941
naju_toyang	127	 cls_1 	0.04	120	9.802	1.5	1.1353	0	0	0
naju_toyang	128	 cls_1 	0.02	60	5	1	1.0222	0	0	0
naju_toyang	130	 cls_1 	0.02	60	5	1	1.0222	0	0	0
naju_toyang	132	 cls_1 	216.97	11660	715.0298	1.9763	1.0936	208.49	1	96.0916
naju_toyang	133	 cls_1 	1.22	880	69.242	1.913	1.1465	0.56	1	45.9016
naju_toyang	134	 cls_1 	1.14	760	57.15	1.7273	1.1234	0.63	1	55.2632
naju_toyang	135	 cls_1 	2.98	1440	90.939	2.0571	1.1427	1.97	1	66.1074
naju_toyang	137	 cls_1 	4.48	2380	219.2696	2.7674	1.193	2.79	2	62.2768
naju_toyang	138	 cls_1 	1.32	800	65.327	1.7391	1.1168	0.79	1	59.8485
naju_toyang	139	 cls_1 	0.55	480	41.1155	1.6	1.1118	0.22	1	40
naju_toyang	140	 cls_1 	7.85	3440	169.0005	3.0175	1.199	5.46	2	69.5541
naju_toyang	141	 cls_1 	0.2	280	19.7839	1.5556	1.1179	0.05	1	25
naju_toyang	142	 cls_1 	0.03	100	8.4359	1.25	1.1287	0	0	0
naju_toyang	143	 cls_1 	141.58	35740	943.3541	7.5084	1.2847	116.43	19	82.2362
naju_toyang	144	 cls_1 	0.48	480	48.7178	1.7143	1.1296	0.08	2	16.6667
naju_toyang	145	 cls_1 	0.01	40	5	1	1	0	0	0
naju_toyang	146	 cls_1 	0.01	40	5	1	1	0	0	0
naju_toyang	147	 cls_1 	19.57	8280	284.3183	4.6517	1.2533	13.69	7	69.954
naju_toyang	149	 cls_1 	117.07	33880	673.1916	7.8065	1.2945	93.26	13	79.6617
naju_toyang	150	 cls_1 	9883.27	1041200	5330.5444	26.174	1.3547	9148.54	60	92.5659
naju_toyang	151	 cls_1 	0.06	160	12.996	1.6	1.1533	0	0	0
naju_toyang	152	 cls_1 	0.09	200	17.0332	1.6667	1.1502	0	0	0
naju_toyang	153	 cls_1 	6.45	1900	111.1306	1.8627	1.1131	5.07	1	78.6047
naju_toyang	154	 cls_1 	0.75	520	42.4215	1.4444	1.0911	0.38	1	50.6667
naju_toyang	155	 cls_1 	1.46	920	81.7033	1.84	1.1343	0.84	1	57.5342
naju_toyang	156	 cls_1 	0.43	700	65.2013	2.5	1.2347	0	0	0
naju_toyang	157	 cls_1 	0.01	40	5	1	1	0	0	0
naju_toyang	159	 cls_1 	0.24	240	19.7893	1.2	1.0521	0.1	1	41.6667
naju_toyang	160	 cls_1 	0.29	380	31.5569	1.7273	1.1424	0.05	1	17.2414
naju_toyang	161	 cls_1 	1.1	680	46.5831	1.619	1.1038	0.66	1	60
naju_toyang	163	 cls_1 	0.27	260	19.9465	1.1818	1.0567	0.13	1	48.1481
naju_toyang	164	 cls_1 	0.35	280	22.8436	1.1667	1.0412	0.18	1	51.4286
naju_toyang	165	 cls_1 	0.08	140	11.9677	1.1667	1.0637	0	0	0
naju_toyang	166	 cls_1 	0.17	200	16.1	1.1111	1.0518	0.05	1	29.4118
naju_toyang	169	 cls_1 	9.44	2540	163.1974	2.0484	1.1267	7.6	2	80.5085
naju_toyang	170	 cls_1 	1.57	920	76.2038	1.7692	1.1257	0.99	1	63.0573
naju_toyang	173	 cls_1 	5.3	1600	99.0857	1.7021	1.1016	4.22	1	79.6226
naju_toyang	174	 cls_1 	0.78	600	53.0727	1.6667	1.1182	0.34	2	43.5897
naju_toyang	175	 cls_1 	3.55	1600	131.2505	2.1053	1.1437	2.38	2	67.0423
naju_toyang	176	 cls_1 	0.51	580	46.972	1.9333	1.1659	0.16	2	31.3725
naju_toyang	177	 cls_1 	0.58	460	33.6676	1.4375	1.0951	0.29	1	50
naju_toyang	178	 cls_1 	41.18	7860	357.151	3.0465	1.1731	35.75	2	86.814
naju_toyang	179	 cls_1 	3.47	1600	112.9361	2.1053	1.1462	2.31	1	66.5706
naju_toyang	180	 cls_1 	0.89	580	43.8805	1.5263	1.0945	0.53	1	59.5506
naju_toyang	183	 cls_1 	0.55	400	29.2363	1.3333	1.0694	0.31	1	56.3636
naju_toyang	186	 cls_1 	9.07	3400	213.0333	2.7869	1.1818	6.73	1	74.2007
naju_toyang	187	 cls_1 	0.27	340	26.841	1.5455	1.1246	0.08	2	29.6296
naju_toyang	195	 cls_1 	21.28	4000	296.1672	2.1505	1.1261	18.46	1	86.7481
naju_toyang	197	 cls_1 	1.92	760	55.6321	1.3571	1.064	1.41	1	73.4375
naju_toyang	200	 cls_1 	0.96	560	45.9843	1.4	1.0778	0.57	1	59.375
naju_toyang	201	 cls_1 	0.79	520	43.813	1.4444	1.0847	0.43	1	54.4304
naju_toyang	204	 cls_1 	1.53	960	86.6253	1.92	1.1376	0.78	1	50.9804
naju_toyang	205	 cls_1 	318.7	56600	1137.1219	7.905	1.2765	278.45	10	87.3706
naju_toyang	206	 cls_1 	16.45	5560	282.5223	3.3902	1.2051	12.61	1	76.6565
naju_toyang	207	 cls_1 	5.37	2780	144.2235	2.9574	1.2017	3.51	1	65.3631
naju_toyang	209	 cls_1 	0.59	420	33.3314	1.3125	1.072	0.32	1	54.2373
naju_toyang	210	 cls_1 	0.59	520	39.2162	1.625	1.1212	0.24	2	40.678
naju_toyang	212	 cls_1 	3.9	2160	152.7578	2.7	1.1903	2.4	3	61.5385
naju_toyang	213	 cls_1 	82.47	20620	517.0392	5.6648	1.2549	67.94	4	82.3815
naju_toyang	215	 cls_1 	0.58	600	39.7876	1.875	1.1564	0.25	1	43.1034
naju_toyang	216	 cls_1 	7.55	3160	171.1032	2.8727	1.1881	5.4	1	71.5232
naju_toyang	218	 cls_1 	1.07	1080	78.0862	2.5714	1.2068	0.35	4	32.7103
naju_toyang	219	 cls_1 	0.96	740	61.0429	1.85	1.1386	0.43	2	44.7917
naju_toyang	223	 cls_1 	0.6	480	40.413	1.5	1.1006	0.25	2	41.6667
naju_toyang	226	 cls_1 	1.36	680	50.499	1.4167	1.0792	0.88	1	64.7059
naju_toyang	227	 cls_1 	0.87	540	46.1462	1.4211	1.0815	0.51	1	58.6207
naju_toyang	230	 cls_1 	27.24	6280	325.2919	2.9905	1.176	22.64	1	83.1131
naju_toyang	231	 cls_1 	1.17	960	78.0036	2.1818	1.1702	0.62	1	52.9915
naju_toyang	234	 cls_1 	0.65	500	40.7473	1.4706	1.0999	0.34	1	52.3077
naju_toyang	236	 cls_1 	1.44	1080	68.3135	2.25	1.1694	0.7	2	48.6111
naju_toyang	237	 cls_1 	0.47	400	30.0063	1.4286	1.0893	0.19	1	40.4255
naju_toyang	240	 cls_1 	0.74	600	41.0751	1.6667	1.1248	0.35	1	47.2973
naju_toyang	242	 cls_1 	0.05	100	8.4931	1	1.0359	0	0	0
naju_toyang	245	 cls_1 	1.1	800	64.7305	1.9048	1.1387	0.52	1	47.2727
naju_toyang	246	 cls_1 	0.36	400	36.1741	1.6667	1.1248	0.08	1	22.2222
naju_toyang	248	 cls_1 	0.29	300	23.8757	1.3636	1.0831	0.09	1	31.0345
naju_toyang	249	 cls_1 	0.01	40	5	1	1	0	0	0
naju_toyang	250	 cls_1 	0.03	80	6.6667	1	1.0504	0	0	0
naju_toyang	251	 cls_1 	0.84	540	41.3384	1.4211	1.0857	0.47	1	55.9524
naju_toyang	252	 cls_1 	17.67	7140	258.8437	4.2	1.2394	12.32	4	69.7227
naju_toyang	253	 cls_1 	6.02	3340	309.4558	3.34	1.2226	3.56	2	59.1362
naju_toyang	254	 cls_1 	1.16	620	46.4433	1.4091	1.0778	0.75	1	64.6552
naju_toyang	256	 cls_1 	2.03	1620	119.3892	2.7931	1.2107	1.05	3	51.7241
naju_toyang	257	 cls_1 	1.39	660	48.5568	1.375	1.0705	0.98	1	70.5036
naju_toyang	258	 cls_1 	0.86	560	49.0203	1.4737	1.0909	0.44	1	51.1628
naju_toyang	259	 cls_1 	0.88	780	58.7907	2.0526	1.1611	0.41	1	46.5909
naju_toyang	261	 cls_1 	10.95	3500	169.5946	2.6119	1.1676	8.59	4	78.4475
naju_toyang	263	 cls_1 	0.01	40	5	1	1	0	0	0
naju_toyang	264	 cls_1 	7.06	2820	136.6074	2.6111	1.1748	5.13	2	72.6629
naju_toyang	265	 cls_1 	1.03	660	44.0957	1.5714	1.1052	0.58	1	56.3107
naju_toyang	267	 cls_1 	0.21	240	17.9011	1.2	1.0705	0.08	1	38.0952
naju_toyang	268	 cls_1 	0.64	600	47.4407	1.875	1.1435	0.27	1	42.1875
naju_toyang	271	 cls_1 	0.81	740	51.2456	2.0556	1.1601	0.32	3	39.5062
naju_toyang	272	 cls_1 	0.6	640	63.6673	2	1.1668	0.12	2	20
naju_toyang	274	 cls_1 	0.5	480	44.678	1.6	1.1242	0.15	2	30
naju_toyang	275	 cls_1 	1116.95	159860	2121.1372	11.9477	1.3058	1005.16	4	89.9915
naju_toyang	276	 cls_1 	0.2	220	17.5944	1.2222	1.0544	0.06	1	30
naju_toyang	278	 cls_1 	0.88	720	51.4793	1.8947	1.1435	0.48	1	54.5455
naju_toyang	279	 cls_1 	0.88	680	43.495	1.7895	1.1309	0.41	2	46.5909
naju_toyang	281	 cls_1 	66.56	13760	435.8517	4.1951	1.2146	57.09	1	85.7722
naju_toyang	282	 cls_1 	0.35	400	28.5282	1.6667	1.1286	0.11	1	31.4286
naju_toyang	284	 cls_1 	1.22	660	48.0704	1.4348	1.0853	0.82	1	67.2131
naju_toyang	285	 cls_1 	0.94	680	46.7836	1.7	1.1228	0.5	3	53.1915
naju_toyang	286	 cls_1 	4.02	2060	102.5403	2.5122	1.178	2.68	3	66.6667
naju_toyang	287	 cls_1 	1.52	680	52.1555	1.36	1.0667	1.05	1	69.0789
naju_toyang	288	 cls_1 	16.15	2740	204.9421	1.6914	1.0889	14.29	1	88.483
naju_toyang	289	 cls_1 	1.1	560	43.6387	1.3333	1.0621	0.75	1	68.1818
naju_toyang	291	 cls_1 	0.93	560	44.7209	1.4	1.0816	0.54	1	58.0645
naju_toyang	292	 cls_1 	1.54	1280	112.7081	2.56	1.1965	0.74	3	48.0519
naju_toyang	293	 cls_1 	0.44	480	38.0183	1.7143	1.1413	0.18	1	40.9091
naju_toyang	294	 cls_1 	0.77	640	64.5579	1.7778	1.1342	0.3	2	38.961
naju_toyang	296	 cls_1 	0.02	80	7.0711	1.3333	1.1308	0	0	0
naju_toyang	297	 cls_1 	0.01	40	5	1	1	0	0	0
naju_toyang	298	 cls_1 	1.62	820	69.2188	1.5769	1.0983	1.06	1	65.4321
naju_toyang	299	 cls_1 	0.01	40	5	1	1	0	0	0
naju_toyang	300	 cls_1 	3.76	1640	81.7782	2.1026	1.1422	2.63	2	69.9468
naju_toyang	301	 cls_1 	1.39	880	66.7171	1.8333	1.1308	0.74	2	53.2374
naju_toyang	302	 cls_1 	0.01	40	5	1	1	0	0	0
naju_toyang	303	 cls_1 	2.73	1180	83.6981	1.7353	1.1135	1.94	1	71.0623
naju_toyang	324	 cls_1 	66.84	17880	450.8834	5.4512	1.2533	54.02	6	80.8199
naju_toyang	325	 cls_1 	11.92	3460	173.1228	2.4714	1.1572	9.42	1	79.0268
naju_toyang	326	 cls_1 	0.77	440	34.0386	1.2222	1.0505	0.5	1	64.9351
naju_toyang	327	 cls_1 	403.13	50900	1034.7108	6.3308	1.2428	367.39	10	91.1344
naju_toyang	332	 cls_1 	555.37	59920	1400.324	6.3475	1.2382	513.27	12	92.4195
naju_toyang	333	 cls_1 	0.56	480	35.4628	1.6	1.1094	0.27	1	48.2143
naju_toyang	334	 cls_1 	0.67	420	34.1044	1.2353	1.0565	0.38	1	56.7164
naju_toyang	337	 cls_1 	1.57	960	58.8047	1.8462	1.1345	0.96	1	61.1465
naju_toyang	339	 cls_1 	0.61	460	32.8051	1.4375	1.0888	0.29	2	47.541
naju_toyang	343	 cls_1 	1231.47	163120	1807.1038	11.6182	1.3005	1116.39	15	90.6551
naju_toyang	344	 cls_1 	0.92	680	49.4185	1.7	1.1254	0.49	1	53.2609
naju_toyang	346	 cls_1 	2.4	1360	96.0998	2.1935	1.1559	1.55	1	64.5833
naju_toyang	347	 cls_1 	38.26	3880	270.8529	1.5645	1.07	35.62	1	93.0998
naju_toyang	348	 cls_1 	12.3	2840	154.888	2	1.1204	10.37	1	84.3089
naju_toyang	349	 cls_1 	0.76	540	40.1911	1.5	1.0979	0.39	2	51.3158
naju_toyang	351	 cls_1 	0.91	580	46.1897	1.45	1.0919	0.55	1	60.4396
naju_toyang	353	 cls_1 	1.26	640	45.8074	1.3913	1.0751	0.82	1	65.0794
naju_toyang	354	 cls_1 	4.85	2500	216.9854	2.7778	1.1934	3.09	2	63.7113
naju_toyang	358	 cls_1 	16.42	2440	186.1134	1.4878	1.0681	14.61	1	88.9769
naju_toyang	359	 cls_1 	91.24	17160	650.2962	4.4688	1.2189	79.11	1	86.7054
naju_toyang	360	 cls_1 	0.08	220	18.4993	1.8333	1.199	0	0	0
naju_toyang	366	 cls_1 	0.01	40	5	1	1	0	0	0
naju_toyang	367	 cls_1 	0.02	60	5	1	1.0222	0	0	0
naju_toyang	368	 cls_1 	9.6	4060	187.6802	3.2742	1.2069	6.73	1	70.1042
naju_toyang	369	 cls_1 	0.52	680	59.3906	2.2667	1.2005	0.07	2	13.4615
naju_toyang	370	 cls_1 	123.93	25840	582.5356	5.7937	1.2507	105.51	1	85.1368
naju_toyang	371	 cls_1 	2.98	1560	105.4178	2.2286	1.1582	1.84	2	61.745
naju_toyang	372	 cls_1 	9.8	4820	182.9096	3.8254	1.2346	6.5	3	66.3265
naju_toyang	375	 cls_1 	0.78	540	38.1235	1.5	1.0947	0.44	2	56.4103
naju_toyang	376	 cls_1 	6.4	2040	120.5063	2	1.1267	4.98	1	77.8125
naju_toyang	377	 cls_1 	1.28	640	51.0809	1.3913	1.0733	0.81	1	63.2812
naju_toyang	380	 cls_1 	0.21	220	17.7928	1.1	1.0477	0.07	1	33.3333
naju_toyang	381	 cls_1 	1.84	1040	66.692	1.8571	1.1325	1.15	2	62.5
naju_toyang	383	 cls_1 	0.65	500	35.0458	1.4706	1.0999	0.34	1	52.3077
naju_toyang	394	 cls_1 	0.42	340	27.4134	1.3077	1.065	0.2	1	47.619
naju_toyang	397	 cls_1 	74.6	18840	609.5369	5.4451	1.2509	61.25	4	82.1046
naju_toyang	398	 cls_1 	2.4	960	76.5497	1.5484	1.0868	1.69	1	70.4167
naju_toyang	399	 cls_1 	5.59	3120	158.551	3.25	1.2184	3.55	5	63.5063
naju_toyang	400	 cls_1 	0.81	540	43.1739	1.5	1.0901	0.43	1	53.0864
naju_toyang	401	 cls_1 	0.48	360	31.4124	1.2857	1.0617	0.21	1	43.75
naju_toyang	402	 cls_1 	3	920	69.1368	1.3143	1.055	2.39	1	79.6667
naju_toyang	404	 cls_1 	3.84	1620	86.2286	2.025	1.1376	2.78	2	72.3958
naju_toyang	405	 cls_1 	0.37	280	23.578	1.0769	1.0342	0.18	1	48.6486
naju_toyang	406	 cls_1 	0.74	580	46.8788	1.6111	1.1172	0.37	2	50
naju_toyang	409	 cls_1 	0.8	580	41.0138	1.6111	1.1075	0.43	2	53.75
naju_toyang	410	 cls_1 	2.44	1160	92.7173	1.8125	1.1225	1.63	1	66.8033
naju_toyang	411	 cls_1 	4342.64	490840	4239.321	18.6206	1.3326	3998.61	42	92.0779
naju_toyang	412	 cls_1 	0.96	500	41.121	1.25	1.0531	0.62	1	64.5833
naju_toyang	414	 cls_1 	0.45	380	28.7017	1.3571	1.0827	0.22	1	48.8889
naju_toyang	415	 cls_1 	0.54	380	29.3513	1.2667	1.0598	0.3	1	55.5556
naju_toyang	418	 cls_1 	1.95	980	73.6155	1.75	1.1138	1.26	1	64.6154
naju_toyang	419	 cls_1 	0.88	560	45.599	1.4737	1.0882	0.53	1	60.2273
naju_toyang	420	 cls_1 	46.89	12100	411.2195	4.4161	1.2275	38.41	1	81.9151
naju_toyang	421	 cls_1 	0.75	420	33.5491	1.1667	1.0432	0.49	1	65.3333
naju_toyang	425	 cls_1 	28.03	8120	309.4998	3.8302	1.2143	22.25	1	79.3792
naju_toyang	426	 cls_1 	1.34	1740	134.4724	3.625	1.2786	0.36	6	26.8657
naju_toyang	427	 cls_1 	2.66	1320	79.9753	2	1.1383	1.73	1	65.0376
naju_toyang	428	 cls_1 	1.97	1260	86.7818	2.1724	1.1635	1.1	1	55.8376
naju_toyang	429	 cls_1 	1.62	1260	81.0108	2.4231	1.187	0.77	2	47.5309
naju_toyang	431	 cls_1 	22.02	7840	310.2665	4.1702	1.2324	16.66	5	75.6585
naju_toyang	432	 cls_1 	1.06	680	56.9444	1.619	1.1082	0.6	1	56.6038
naju_toyang	433	 cls_1 	0.27	280	22.5908	1.2727	1.0754	0.09	1	33.3333
naju_toyang	434	 cls_1 	26.62	4780	335.5611	2.2981	1.1345	23.5	1	88.2795
naju_toyang	435	 cls_1 	0.24	280	22.5532	1.4	1.0917	0.06	1	25
naju_toyang	436	 cls_1 	1.27	720	53.6481	1.5652	1.0991	0.82	1	64.5669
naju_toyang	438	 cls_1 	7.78	4120	176.4113	3.6786	1.232	4.96	1	63.7532
naju_toyang	439	 cls_1 	3.8	1720	112.2797	2.2051	1.15	2.71	1	71.3158
naju_toyang	441	 cls_1 	0.83	600	42.6828	1.5789	1.1105	0.46	1	55.4217
naju_toyang	443	 cls_1 	8.96	2040	121.1978	1.7	1.0935	7.67	2	85.6027
naju_toyang	444	 cls_1 	29.91	9220	311.9725	4.1909	1.2282	23.34	1	78.0341
naju_toyang	446	 cls_1 	11.42	4880	249.8971	3.5882	1.2205	7.88	3	69.0018
naju_toyang	448	 cls_1 	27.91	8020	291.1559	3.783	1.2127	22.37	1	80.1505
naju_toyang	449	 cls_1 	1.22	580	48.4515	1.2609	1.0578	0.8	1	65.5738
naju_toyang	450	 cls_1 	0.77	500	36.8098	1.3889	1.0791	0.47	1	61.039
naju_toyang	451	 cls_1 	0.3	320	24.5946	1.4545	1.0946	0.12	1	40
naju_toyang	453	 cls_1 	11.31	4420	185.4596	3.25	1.2045	8.17	3	72.237
naju_toyang	456	 cls_1 	0.28	260	22.7485	1.1818	1.0518	0.1	1	35.7143
naju_toyang	457	 cls_1 	1.27	680	52.0276	1.4783	1.087	0.82	1	64.5669
naju_toyang	459	 cls_1 	19.27	4580	283.5442	2.6023	1.1576	16.08	1	83.4458
naju_toyang	461	 cls_1 	0.33	340	26.7732	1.4167	1.0967	0.14	1	42.4242
naju_toyang	463	 cls_1 	0.93	760	66.5065	1.9	1.1484	0.39	1	41.9355
naju_toyang	465	 cls_1 	3.77	1880	99.9585	2.4103	1.1678	2.46	1	65.252
naju_toyang	466	 cls_1 	17.86	6140	238.8426	3.6118	1.2133	13.44	3	75.252
naju_toyang	467	 cls_1 	0.43	440	44.0483	1.5714	1.1237	0.1	2	23.2558
naju_toyang	468	 cls_1 	0.77	520	36.7894	1.4444	1.0878	0.41	1	53.2468
naju_toyang	469	 cls_1 	3.09	1500	93.5953	2.0833	1.1466	2.1	1	67.9612
naju_toyang	470	 cls_1 	256.48	48240	966.9637	7.514	1.2736	222.76	5	86.8528
naju_toyang	471	 cls_1 	0.64	480	41.3393	1.5	1.0925	0.29	1	45.3125
naju_toyang	472	 cls_1 	93.33	22180	882.5539	5.7165	1.2542	77.66	2	83.2101
naju_toyang	473	 cls_1 	0.96	760	58.2007	1.9	1.1444	0.55	1	57.2917
naju_toyang	474	 cls_1 	1.03	600	52.6287	1.4286	1.0846	0.6	1	58.2524
naju_toyang	475	 cls_1 	7.91	2620	135.8248	2.2982	1.1499	6.11	1	77.244
naju_toyang	476	 cls_1 	10.57	3280	168.938	2.4848	1.1599	8.2	1	77.5781
naju_toyang	478	 cls_1 	2.42	1480	77.1119	2.3125	1.1717	1.47	1	60.7438
naju_toyang	484	 cls_1 	10.9	3940	212.0092	2.9403	1.1885	7.95	1	72.9358
naju_toyang	485	 cls_1 	6.89	2180	121.8835	2.0566	1.1312	5.3	1	76.9231
naju_toyang	488	 cls_1 	0.62	440	36.4388	1.375	1.0766	0.35	1	56.4516
naju_toyang	489	 cls_1 	10.18	3120	208.3959	2.4375	1.155	7.85	1	77.112
naju_toyang	491	 cls_1 	0.34	280	22.6947	1.1667	1.0449	0.16	1	47.0588
naju_toyang	493	 cls_1 	0.36	300	23.7076	1.25	1.0545	0.19	1	52.7778
naju_toyang	496	 cls_1 	30.28	10080	335.9473	4.5405	1.2411	23.04	1	76.0898
naju_toyang	497	 cls_1 	0.01	40	5	1	1	0	0	0
naju_toyang	498	 cls_1 	0.24	300	22.2523	1.5	1.1094	0.08	1	33.3333
naju_toyang	499	 cls_1 	5.82	3560	226.1681	3.6327	1.238	3.27	1	56.1856
naju_toyang	500	 cls_1 	1.1	660	43.7038	1.5714	1.0974	0.69	1	62.7273
naju_toyang	502	 cls_1 	5.5	2700	151.5776	2.8723	1.1937	3.6	1	65.4545
naju_toyang	505	 cls_1 	0.63	520	39.7507	1.625	1.1128	0.28	2	44.4444
naju_toyang	507	 cls_1 	479.64	75480	1366.8589	8.5968	1.28	426.76	10	88.9751
naju_toyang	508	 cls_1 	1.87	1220	68.4397	2.1786	1.1631	1	1	53.4759
naju_toyang	509	 cls_1 	39.07	6840	442.2293	2.7143	1.1563	34.05	3	87.1513
naju_toyang	510	 cls_1 	1.56	940	72.9723	1.88	1.1309	0.98	1	62.8205
naju_toyang	512	 cls_1 	0.96	740	53.6236	1.85	1.1386	0.52	3	54.1667
naju_toyang	513	 cls_1 	0.53	400	31.0951	1.3333	1.074	0.27	1	50.9434
naju_toyang	514	 cls_1 	0.7	500	41.0548	1.4706	1.0907	0.37	1	52.8571
naju_toyang	516	 cls_1 	1.59	1000	78.7185	1.9231	1.1415	0.93	1	58.4906
naju_toyang	517	 cls_1 	0.44	360	29.1567	1.2857	1.0727	0.21	1	47.7273
naju_toyang	518	 cls_1 	4.08	2000	104.9923	2.439	1.1708	2.75	2	67.402
naju_toyang	519	 cls_1 	16.55	5520	220.4417	3.3659	1.2033	12.83	2	77.5227
naju_toyang	523	 cls_1 	1.18	880	61.352	2	1.1505	0.65	2	55.0847
naju_toyang	524	 cls_1 	5.46	2460	112.814	2.617	1.1774	3.75	1	68.6813
naju_toyang	525	 cls_1 	3.26	1780	101.4224	2.4054	1.1736	2.01	2	61.6564
naju_toyang	526	 cls_1 	54.89	14260	487.2702	4.7852	1.2378	44.76	4	81.5449
naju_toyang	527	 cls_1 	12.82	4660	201.9676	3.2361	1.2006	9.48	1	73.947
naju_toyang	531	 cls_1 	2.59	980	73.768	1.4848	1.0827	1.92	1	74.1313
naju_toyang	532	 cls_1 	9.59	3460	173.4313	2.7903	1.1791	7.12	1	74.244
naju_toyang	537	 cls_1 	2.15	980	71.526	1.6333	1.1029	1.47	1	68.3721
naju_toyang	538	 cls_1 	4.73	3120	157.3075	3.5455	1.2373	2.68	2	56.6596
naju_toyang	540	 cls_1 	101.98	30400	651.8958	7.5248	1.2918	80.73	7	79.1626
naju_toyang	543	 cls_1 	28.79	8060	355.4362	3.7315	1.2105	22.98	1	79.8194
naju_toyang	544	 cls_1 	35.87	11360	341.5349	4.7333	1.2434	27.91	1	77.8088
naju_toyang	546	 cls_1 	0.95	620	55.9251	1.55	1.1013	0.49	1	51.5789
naju_toyang	551	 cls_1 	49.75	6680	330.6949	2.3521	1.1314	45.42	3	91.2965
naju_toyang	554	 cls_1 	0.36	320	26.1861	1.3333	1.0703	0.15	1	41.6667
naju_toyang	557	 cls_1 	0.97	640	47.3635	1.6	1.1057	0.52	1	53.6082
naju_toyang	559	 cls_1 	0.61	460	35.1203	1.4375	1.0888	0.29	1	47.541
naju_toyang	560	 cls_1 	1.46	980	53.8786	1.96	1.1474	0.85	1	58.2192
naju_toyang	563	 cls_1 	366.11	60320	1715.3988	7.8747	1.2732	323.55	3	88.3751
naju_toyang	564	 cls_1 	0.67	500	43.6658	1.4706	1.0961	0.34	1	50.7463
naju_toyang	565	 cls_1 	0.31	300	22.1574	1.25	1.0741	0.14	1	45.1613
naju_toyang	566	 cls_1 	8.62	2520	151.1085	2.1356	1.1344	6.79	1	78.7703
naju_toyang	567	 cls_1 	0.6	480	38.1732	1.5	1.1006	0.3	1	50
naju_toyang	570	 cls_1 	0.21	360	35.3897	1.8	1.1765	0	0	0
naju_toyang	572	 cls_1 	302.13	43440	1407.6762	6.2414	1.2456	272.01	1	90.0308
naju_toyang	573	 cls_1 	0.42	300	27.3761	1.1538	1.035	0.19	1	45.2381
naju_toyang	577	 cls_1 	0.72	620	49.0086	1.8235	1.1357	0.3	1	41.6667
naju_toyang	582	 cls_1 	1.22	800	52.7611	1.7391	1.1262	0.7	1	57.377
naju_toyang	583	 cls_1 	0.95	680	43.5724	1.7	1.1215	0.48	1	50.5263
naju_toyang	584	 cls_1 	21.99	6120	352.9003	3.2553	1.1923	17.75	1	80.7185
naju_toyang	585	 cls_1 	0.36	340	25.8663	1.4167	1.0851	0.16	1	44.4444
naju_toyang	593	 cls_1 	14.59	3140	168.684	2.039	1.1212	12.36	1	84.7156
naju_toyang	595	 cls_1 	0.1	260	25.8848	1.8571	1.2086	0	0	0
naju_toyang	596	 cls_1 	34.34	7840	442.7128	3.322	1.1894	28.8	1	83.8672
naju_toyang	598	 cls_1 	30.83	7900	316.0668	3.5268	1.2008	25.16	4	81.6088
naju_toyang	600	 cls_1 	0.04	100	8.8379	1.25	1.0745	0	0	0
naju_toyang	601	 cls_1 	0.11	220	16.253	1.5714	1.1445	0.02	1	18.1818
naju_toyang	602	 cls_1 	6.76	2540	171.0853	2.4423	1.1606	4.82	1	71.3018
naju_toyang	603	 cls_1 	0.01	40	5	1	1	0	0	0
naju_toyang	604	 cls_1 	0.01	40	5	1	1	0	0	0
naju_toyang	605	 cls_1 	0.01	40	5	1	1	0	0	0
naju_toyang	606	 cls_1 	3.83	1540	119.6548	1.925	1.1282	2.79	1	72.846
naju_toyang	611	 cls_1 	39.02	9840	502.9837	3.936	1.2129	32.32	3	82.8293
naju_toyang	614	 cls_1 	0.01	40	5	1	1	0	0	0
naju_toyang	618	 cls_1 	0.03	100	8.4359	1.25	1.1287	0	0	0
naju_toyang	622	 cls_1 	2.33	880	68.5705	1.4194	1.0727	1.72	1	73.8197
naju_toyang	623	 cls_1 	43.54	9280	508.3347	3.5152	1.1937	37.14	1	85.3009
naju_toyang	624	 cls_1 	0.01	40	5	1	1	0	0	0
naju_toyang	626	 cls_1 	0.09	140	12.8462	1.1667	1.0453	0	0	0
