LOC	 PID 	 TYPE 	 AREA 	 PERIM 	 GYRATE 	 SHAPE 	 FRAC 	 CORE 	 NCORE 	 CAI
hwasun_nongeup	1	 cls_9 	66413.97	2388900	11904.2788	23.1707	1.3094	64713.16	155	97.4391
hwasun_nongeup	12	 cls_9 	5.73	1400	104.7349	1.4583	1.0694	4.74	1	82.7225
hwasun_nongeup	14	 cls_9 	0.01	40	5	1	1	0	0	0
hwasun_nongeup	49	 cls_9 	0.32	480	38.4065	2	1.1864	0.03	2	9.375
hwasun_nongeup	53	 cls_9 	5.09	1860	171.8029	2.0217	1.1335	3.63	1	71.3163
hwasun_nongeup	57	 cls_9 	1.72	940	71.6132	1.7407	1.1196	1.07	1	62.2093
hwasun_nongeup	58	 cls_9 	2.83	880	66.2465	1.2941	1.0524	2.25	1	79.5053
hwasun_nongeup	59	 cls_9 	3.93	1000	78.2092	1.25	1.0439	3.23	1	82.1883
hwasun_nongeup	123	 cls_9 	0.92	680	43.5948	1.7	1.1254	0.49	1	53.2609
hwasun_nongeup	131	 cls_9 	27.52	2680	199.5229	1.2762	1.0391	25.66	1	93.2413
hwasun_nongeup	134	 cls_9 	17.13	2500	182.4035	1.506	1.0684	15.2	1	88.7332
hwasun_nongeup	172	 cls_9 	3.97	1000	81.1275	1.25	1.0429	3.29	1	82.8715
hwasun_nongeup	177	 cls_9 	4.92	1560	115.9651	1.7333	1.1045	3.81	1	77.439
hwasun_nongeup	187	 cls_9 	0.33	280	22.9418	1.1667	1.0488	0.16	1	48.4848
hwasun_nongeup	196	 cls_9 	0.52	440	34.2283	1.4667	1.0987	0.27	1	51.9231
hwasun_nongeup	202	 cls_9 	4.03	1140	92.9614	1.3902	1.0661	3.26	1	80.8933
hwasun_nongeup	211	 cls_9 	4.51	1060	82.8045	1.2326	1.0413	3.77	1	83.592
hwasun_nongeup	236	 cls_9 	1.39	1020	70.1816	2.125	1.1617	0.77	1	55.3957
hwasun_nongeup	273	 cls_9 	0.49	340	29.5146	1.2143	1.0457	0.25	1	51.0204
hwasun_nongeup	329	 cls_9 	1.67	860	65.9932	1.6538	1.1047	1.08	1	64.6707
hwasun_nongeup	340	 cls_9 	0.12	180	16.9631	1.2857	1.0738	0	0	0
hwasun_nongeup	349	 cls_9 	0.01	40	5	1	1	0	0	0
hwasun_nongeup	350	 cls_9 	0.08	220	18.6841	1.8333	1.199	0	0	0
hwasun_nongeup	352	 cls_9 	0.01	40	5	1	1	0	0	0
hwasun_nongeup	363	 cls_9 	79.78	5020	346.4895	1.4022	1.0501	76.23	2	95.5503
hwasun_nongeup	369	 cls_9 	3.34	980	75.419	1.3243	1.0563	2.66	1	79.6407
hwasun_nongeup	2	 cls_1 	7.46	3140	142.5072	2.8545	1.1882	5.24	2	70.2413
hwasun_nongeup	3	 cls_1 	15.6	6460	324.6746	4.0886	1.2355	10.96	3	70.2564
hwasun_nongeup	4	 cls_1 	88.07	16060	653.751	4.2713	1.2124	76.44	1	86.7946
hwasun_nongeup	5	 cls_1 	31.08	6920	277.9911	3.0893	1.1791	26.39	1	84.9099
hwasun_nongeup	6	 cls_1 	0.15	180	14.8487	1.125	1.041	0.04	1	26.6667
hwasun_nongeup	7	 cls_1 	15.26	3700	224.4992	2.3418	1.1444	12.55	1	82.2412
hwasun_nongeup	8	 cls_1 	5.98	1660	129.0096	1.6939	1.0962	4.76	1	79.5987
hwasun_nongeup	9	 cls_1 	26.66	7400	435.4002	3.5577	1.2043	21.09	2	79.1073
hwasun_nongeup	10	 cls_1 	53.83	8580	337.8711	2.9184	1.1626	47.89	1	88.9653
hwasun_nongeup	11	 cls_1 	0.12	180	13.9801	1.2857	1.0738	0.02	1	16.6667
hwasun_nongeup	13	 cls_1 	1.32	840	62.5181	1.8261	1.1271	0.81	2	61.3636
hwasun_nongeup	15	 cls_1 	76.13	19100	699.7101	5.4571	1.251	62.65	1	82.2934
hwasun_nongeup	16	 cls_1 	4.9	2520	143.6784	2.8	1.1937	3.07	2	62.6531
hwasun_nongeup	17	 cls_1 	0.56	380	30.3828	1.2667	1.0553	0.32	1	57.1429
hwasun_nongeup	18	 cls_1 	0.29	340	24.2818	1.5455	1.1145	0.1	1	34.4828
hwasun_nongeup	19	 cls_1 	0.99	1000	87.5072	2.5	1.2003	0.38	3	38.3838
hwasun_nongeup	20	 cls_1 	256.39	68300	1390.6352	10.6386	1.3208	208.4	11	81.2824
hwasun_nongeup	21	 cls_1 	1.09	840	65.0063	2	1.1503	0.58	1	53.211
hwasun_nongeup	22	 cls_1 	46.21	11240	534.0754	4.1324	1.2176	38.15	2	82.5579
hwasun_nongeup	23	 cls_1 	3.83	1840	143.0368	2.3	1.162	2.54	1	66.3185
hwasun_nongeup	24	 cls_1 	39.96	6760	395.055	2.6614	1.1525	35.24	1	88.1882
hwasun_nongeup	25	 cls_1 	1.65	1000	77.7037	1.9231	1.1371	1.02	1	61.8182
hwasun_nongeup	26	 cls_1 	39.53	7560	502.2293	3	1.1708	34.14	1	86.3648
hwasun_nongeup	27	 cls_1 	8.08	3520	254.0495	3.0877	1.2	5.56	3	68.8119
hwasun_nongeup	28	 cls_1 	1.25	940	97.71	2.0435	1.1575	0.48	3	38.4
hwasun_nongeup	29	 cls_1 	0.81	740	63.5853	2.0556	1.1601	0.25	4	30.8642
hwasun_nongeup	30	 cls_1 	0.77	520	39.3132	1.4444	1.0878	0.4	1	51.9481
hwasun_nongeup	31	 cls_1 	219.3	45240	1167.5364	7.6162	1.2785	186.83	6	85.1938
hwasun_nongeup	32	 cls_1 	0.71	460	42.4146	1.3529	1.0701	0.33	1	46.4789
hwasun_nongeup	33	 cls_1 	12.75	4660	327.9536	3.2361	1.2012	9.58	1	75.1373
hwasun_nongeup	34	 cls_1 	6.32	2960	248.3463	2.902	1.1953	4.58	1	72.4684
hwasun_nongeup	35	 cls_1 	0.76	460	34.8951	1.2778	1.062	0.45	1	59.2105
hwasun_nongeup	36	 cls_1 	9.98	3700	305.8704	2.8906	1.1867	7.33	1	73.4469
hwasun_nongeup	37	 cls_1 	3.11	1600	108.8304	2.2222	1.1583	1.94	1	62.3794
hwasun_nongeup	38	 cls_1 	25.76	4080	327.7117	2	1.112	22.61	1	87.7717
hwasun_nongeup	39	 cls_1 	0.73	500	39.526	1.3889	1.0855	0.38	1	52.0548
hwasun_nongeup	40	 cls_1 	4.7	2400	189.0392	2.7273	1.1893	3.07	1	65.3191
hwasun_nongeup	41	 cls_1 	17.37	3700	294.4533	2.2024	1.1322	14.59	2	83.9954
hwasun_nongeup	42	 cls_1 	3.2	1340	110.7407	1.8611	1.121	2.29	1	71.5625
hwasun_nongeup	43	 cls_1 	0.54	420	31.2614	1.4	1.0831	0.26	1	48.1481
hwasun_nongeup	44	 cls_1 	1.37	1060	65.3162	2.2083	1.1716	0.68	2	49.635
hwasun_nongeup	45	 cls_1 	0.16	220	16.528	1.375	1.0863	0.04	1	25
hwasun_nongeup	46	 cls_1 	1.61	900	64.7893	1.7308	1.1183	0.95	1	59.0062
hwasun_nongeup	47	 cls_1 	0.66	560	48.7528	1.6471	1.1238	0.25	1	37.8788
hwasun_nongeup	48	 cls_1 	0.33	440	34.2394	1.8333	1.1604	0.09	2	27.2727
hwasun_nongeup	50	 cls_1 	0.59	620	54.3374	1.9375	1.1617	0.17	3	28.8136
hwasun_nongeup	51	 cls_1 	375.23	45600	1118.0706	5.8763	1.2342	342.31	5	91.2267
hwasun_nongeup	52	 cls_1 	0.16	240	21.9762	1.5	1.1099	0	0	0
hwasun_nongeup	54	 cls_1 	132.91	38280	1435.3759	8.2857	1.3002	106.49	3	80.1219
hwasun_nongeup	55	 cls_1 	8.92	3540	215.6644	2.95	1.1906	6.54	1	73.3184
hwasun_nongeup	56	 cls_1 	1.1	600	43.4754	1.4286	1.0769	0.74	1	67.2727
hwasun_nongeup	60	 cls_1 	33.85	8260	407.1964	3.5299	1.199	28.16	2	83.1905
hwasun_nongeup	61	 cls_1 	5.25	1360	103.911	1.4783	1.0726	4.31	1	82.0952
hwasun_nongeup	62	 cls_1 	1.32	820	66.3288	1.7826	1.1221	0.76	1	57.5758
hwasun_nongeup	63	 cls_1 	1.96	780	61.2675	1.3929	1.0671	1.44	1	73.4694
hwasun_nongeup	64	 cls_1 	0.2	280	26.797	1.5556	1.1179	0	0	0
hwasun_nongeup	65	 cls_1 	1.02	540	40.5408	1.2857	1.0629	0.67	1	65.6863
hwasun_nongeup	66	 cls_1 	1.19	620	44.6713	1.4091	1.0749	0.77	1	64.7059
hwasun_nongeup	67	 cls_1 	21.94	3900	224.2787	2.0745	1.1192	19.18	1	87.4202
hwasun_nongeup	68	 cls_1 	0.33	300	25.1887	1.25	1.0658	0.11	1	33.3333
hwasun_nongeup	69	 cls_1 	5.13	2340	222.4962	2.5435	1.175	3.23	1	62.963
hwasun_nongeup	70	 cls_1 	2.3	1380	103.936	2.2258	1.1637	1.46	1	63.4783
hwasun_nongeup	71	 cls_1 	0.61	420	33.7074	1.3125	1.0679	0.31	1	50.8197
hwasun_nongeup	72	 cls_1 	2.23	980	75.0981	1.6333	1.0989	1.58	1	70.852
hwasun_nongeup	73	 cls_1 	2.49	1820	147.3418	2.8438	1.2092	1.23	2	49.3976
hwasun_nongeup	74	 cls_1 	0.95	620	44.505	1.55	1.1013	0.54	1	56.8421
hwasun_nongeup	75	 cls_1 	4.64	1200	89.9361	1.3636	1.0617	3.86	1	83.1897
hwasun_nongeup	76	 cls_1 	0.75	440	33.8279	1.2222	1.0536	0.47	1	62.6667
hwasun_nongeup	77	 cls_1 	13.61	5880	288.4614	3.973	1.2339	9.45	1	69.4342
hwasun_nongeup	78	 cls_1 	2.65	800	64.2147	1.2121	1.0404	2.1	1	79.2453
hwasun_nongeup	79	 cls_1 	50.86	6760	470.2054	2.3636	1.1313	46.19	1	90.8179
hwasun_nongeup	80	 cls_1 	19.25	6400	309.9041	3.6364	1.2127	14.62	5	75.9481
hwasun_nongeup	81	 cls_1 	4.96	1660	116.1361	1.8444	1.1151	3.78	1	76.2097
hwasun_nongeup	82	 cls_1 	5.62	3260	287.9278	3.3958	1.2258	3.19	2	56.7616
hwasun_nongeup	83	 cls_1 	24.19	7140	513.9515	3.6061	1.208	19.09	1	78.9169
hwasun_nongeup	84	 cls_1 	0.12	200	15.4644	1.4286	1.1035	0.02	2	16.6667
hwasun_nongeup	85	 cls_1 	15.24	5060	384.2643	3.2025	1.197	11.67	2	76.5748
hwasun_nongeup	86	 cls_1 	2.47	1300	138.58	2.0312	1.1437	1.41	1	57.085
hwasun_nongeup	87	 cls_1 	23.47	5560	413.5325	2.866	1.1705	19.57	1	83.383
hwasun_nongeup	88	 cls_1 	0.25	360	26.4638	1.8	1.1503	0.05	2	20
hwasun_nongeup	89	 cls_1 	13.06	3760	244.4356	2.5753	1.1623	10.34	1	79.173
hwasun_nongeup	90	 cls_1 	25.3	5680	245.074	2.8119	1.1668	21.46	1	84.8221
hwasun_nongeup	91	 cls_1 	11.2	3040	228.1001	2.2687	1.1411	8.85	1	79.0179
hwasun_nongeup	92	 cls_1 	403.97	26420	873.5257	3.2861	1.1564	385.1	3	95.3289
hwasun_nongeup	93	 cls_1 	21.83	4960	258.6737	2.6383	1.1588	18.26	1	83.6464
hwasun_nongeup	94	 cls_1 	35.45	6200	303.6863	2.5833	1.1497	31.1	1	87.7292
hwasun_nongeup	95	 cls_1 	0.37	420	35.2349	1.6154	1.1329	0.1	2	27.027
hwasun_nongeup	96	 cls_1 	355.69	70760	1810.3635	9.3598	1.2968	304.05	8	85.4817
hwasun_nongeup	97	 cls_1 	4.57	1760	145.5588	2.0465	1.1345	3.42	1	74.8359
hwasun_nongeup	98	 cls_1 	73.76	18540	704.7321	5.3895	1.2495	60.22	4	81.6432
hwasun_nongeup	99	 cls_1 	15.73	2760	183.9582	1.725	1.0926	13.74	1	87.349
hwasun_nongeup	100	 cls_1 	332.85	56740	1736.2519	7.7726	1.2731	292.92	5	88.0036
hwasun_nongeup	101	 cls_1 	54.37	10160	617.28	3.4324	1.1873	47.15	1	86.7206
hwasun_nongeup	102	 cls_1 	3.2	1160	89.3702	1.6111	1.0931	2.4	1	75
hwasun_nongeup	103	 cls_1 	0.43	440	40.6574	1.5714	1.1237	0.11	3	25.5814
hwasun_nongeup	104	 cls_1 	111.42	29420	1091.5264	6.9387	1.2789	90.2	5	80.9549
hwasun_nongeup	105	 cls_1 	0.98	640	46.8051	1.6	1.1045	0.59	1	60.2041
hwasun_nongeup	106	 cls_1 	0.95	660	53.9063	1.65	1.115	0.53	1	55.7895
hwasun_nongeup	107	 cls_1 	0.57	420	31.8082	1.3125	1.0763	0.3	1	52.6316
hwasun_nongeup	108	 cls_1 	2.58	1060	87.8472	1.6061	1.0986	1.79	1	69.3798
hwasun_nongeup	109	 cls_1 	0.98	780	53.4136	1.95	1.1475	0.45	2	45.9184
hwasun_nongeup	110	 cls_1 	4	1840	100.1013	2.3	1.1572	2.82	2	70.5
hwasun_nongeup	111	 cls_1 	22.04	8240	492.988	4.383	1.2404	16.51	1	74.9093
hwasun_nongeup	112	 cls_1 	41.31	6400	330.9852	2.4806	1.1411	36.85	3	89.2036
hwasun_nongeup	113	 cls_1 	0.49	400	36.7903	1.4286	1.084	0.18	1	36.7347
hwasun_nongeup	114	 cls_1 	7.28	3420	223.013	3.1667	1.206	4.93	2	67.7198
hwasun_nongeup	115	 cls_1 	0.39	300	26.4841	1.1538	1.0443	0.18	1	46.1538
hwasun_nongeup	116	 cls_1 	551.42	82120	1771.0373	8.7362	1.2794	492.05	11	89.2333
hwasun_nongeup	117	 cls_1 	2.22	1700	92.2689	2.8333	1.2095	1.02	2	45.9459
hwasun_nongeup	118	 cls_1 	0.5	460	38.2987	1.5333	1.1142	0.17	1	34
hwasun_nongeup	119	 cls_1 	2.92	1240	83.6872	1.7714	1.1159	2.08	1	71.2329
hwasun_nongeup	120	 cls_1 	2.88	1140	87.0826	1.6765	1.101	2.04	1	70.8333
hwasun_nongeup	121	 cls_1 	0.62	420	36.7208	1.3125	1.0659	0.32	1	51.6129
hwasun_nongeup	122	 cls_1 	242.02	29380	1104.5035	4.7083	1.2112	220.73	6	91.2032
hwasun_nongeup	124	 cls_1 	1.84	800	61.2757	1.4286	1.0791	1.28	1	69.5652
hwasun_nongeup	125	 cls_1 	0.61	460	35.7343	1.4375	1.0888	0.34	1	55.7377
hwasun_nongeup	126	 cls_1 	0.57	480	49.0622	1.5	1.1072	0.17	1	29.8246
hwasun_nongeup	127	 cls_1 	44.93	13540	514.7753	5.0148	1.2488	35.27	3	78.4999
hwasun_nongeup	128	 cls_1 	0.82	660	46.5733	1.7368	1.1332	0.36	2	43.9024
hwasun_nongeup	129	 cls_1 	1.33	1160	118.5314	2.4167	1.1942	0.45	5	33.8346
hwasun_nongeup	130	 cls_1 	0.93	460	39.0874	1.15	1.0385	0.58	1	62.3656
hwasun_nongeup	132	 cls_1 	25.7	6740	572.5379	3.3039	1.1928	20.77	1	80.8171
hwasun_nongeup	133	 cls_1 	3.4	1340	103.2521	1.8108	1.1144	2.43	1	71.4706
hwasun_nongeup	135	 cls_1 	2.58	1320	104.1269	2	1.1418	1.69	1	65.5039
hwasun_nongeup	136	 cls_1 	2.07	900	72.9336	1.5517	1.09	1.46	1	70.5314
hwasun_nongeup	137	 cls_1 	1.25	740	58.0242	1.6087	1.1068	0.73	1	58.4
hwasun_nongeup	138	 cls_1 	1.04	560	45.3805	1.3333	1.0685	0.66	1	63.4615
hwasun_nongeup	139	 cls_1 	2.09	1100	93.1184	1.8966	1.1293	1.26	1	60.2871
hwasun_nongeup	140	 cls_1 	233.94	24500	902.4443	4.0033	1.1892	216.96	3	92.7417
hwasun_nongeup	141	 cls_1 	9.94	4520	260.1458	3.5312	1.2219	6.73	3	67.7062
hwasun_nongeup	142	 cls_1 	0.37	280	23.466	1.0769	1.0342	0.18	1	48.6486
hwasun_nongeup	143	 cls_1 	0.8	540	44.4208	1.5	1.0916	0.41	1	51.25
hwasun_nongeup	144	 cls_1 	40.73	7140	362.7435	2.7891	1.1592	36.26	2	89.0253
hwasun_nongeup	145	 cls_1 	45.53	5680	320.8003	2.1037	1.1142	41.65	5	91.4781
hwasun_nongeup	146	 cls_1 	14.95	5520	295.556	3.5385	1.2136	10.94	1	73.1773
hwasun_nongeup	147	 cls_1 	2.02	880	58.4055	1.5172	1.0881	1.48	1	73.2673
hwasun_nongeup	148	 cls_1 	2.31	880	72.2229	1.4194	1.0736	1.65	1	71.4286
hwasun_nongeup	149	 cls_1 	1.14	640	53.6619	1.4545	1.0866	0.67	1	58.7719
hwasun_nongeup	150	 cls_1 	174.8	30100	780.1251	5.6792	1.242	153.68	7	87.9176
hwasun_nongeup	151	 cls_1 	0.62	400	32.3203	1.25	1.0547	0.36	1	58.0645
hwasun_nongeup	152	 cls_1 	37.02	10380	621.5922	4.2541	1.2262	29.44	4	79.5246
hwasun_nongeup	153	 cls_1 	7.21	2100	143.0307	1.9444	1.1199	5.8	1	80.4438
hwasun_nongeup	154	 cls_1 	1.63	1040	80.4817	2	1.1467	1.04	1	63.8037
hwasun_nongeup	155	 cls_1 	11.93	4580	358.8784	3.2714	1.2051	8.66	1	72.5901
hwasun_nongeup	156	 cls_1 	484.65	57100	1183.6523	6.4739	1.2429	444.17	4	91.6476
hwasun_nongeup	157	 cls_1 	1.33	840	72.8111	1.75	1.1262	0.7	1	52.6316
hwasun_nongeup	158	 cls_1 	5.31	1380	103.0057	1.4681	1.0742	4.35	1	81.9209
hwasun_nongeup	159	 cls_1 	3.58	1300	79.9567	1.7105	1.1032	2.72	1	75.9777
hwasun_nongeup	160	 cls_1 	3.69	1880	120.9613	2.4103	1.1702	2.37	2	64.2276
hwasun_nongeup	161	 cls_1 	42.42	8480	632.5388	3.2366	1.1822	36.44	1	85.9029
hwasun_nongeup	162	 cls_1 	48.97	7760	315.0923	2.7714	1.1557	43.39	2	88.6053
hwasun_nongeup	163	 cls_1 	1.35	600	47.9405	1.25	1.0537	0.93	1	68.8889
hwasun_nongeup	164	 cls_1 	11.95	2180	156.676	1.5571	1.0779	10.43	1	87.2803
hwasun_nongeup	165	 cls_1 	1.58	660	50.495	1.2692	1.0563	1.15	1	72.7848
hwasun_nongeup	166	 cls_1 	48.52	10020	484.9743	3.5786	1.1955	41.36	1	85.2432
hwasun_nongeup	167	 cls_1 	190.83	36540	1010.3019	6.5957	1.2612	164.8	12	86.3596
hwasun_nongeup	168	 cls_1 	394.75	44580	1490.8244	5.6005	1.2271	363.34	8	92.0431
hwasun_nongeup	169	 cls_1 	6.35	2840	214.8157	2.7843	1.1873	4.39	2	69.1339
hwasun_nongeup	170	 cls_1 	4.99	1900	144.6123	2.1111	1.1395	3.59	1	71.9439
hwasun_nongeup	171	 cls_1 	108.18	19640	563.3519	4.6986	1.2234	94.11	4	86.9939
hwasun_nongeup	173	 cls_1 	0.33	340	34.6552	1.4167	1.0967	0.05	1	15.1515
hwasun_nongeup	174	 cls_1 	1.8	1100	95.4817	2.037	1.1465	1.08	1	60
hwasun_nongeup	175	 cls_1 	1.02	740	62.0438	1.7619	1.1312	0.52	1	50.9804
hwasun_nongeup	176	 cls_1 	0.61	420	32.4312	1.3125	1.0679	0.33	1	54.0984
hwasun_nongeup	178	 cls_1 	0.59	360	31.6198	1.125	1.0365	0.33	1	55.9322
hwasun_nongeup	179	 cls_1 	5.51	3020	164.0101	3.2128	1.214	3.49	1	63.3394
hwasun_nongeup	180	 cls_1 	76.71	10460	469.7941	2.9716	1.1614	69.06	1	90.0274
hwasun_nongeup	181	 cls_1 	145.39	37020	1411.1771	7.6488	1.2873	119.38	5	82.1102
hwasun_nongeup	182	 cls_1 	1.23	920	56.4728	2	1.1549	0.65	2	52.8455
hwasun_nongeup	183	 cls_1 	13.47	3900	232.6792	2.6351	1.1654	10.58	1	78.5449
hwasun_nongeup	184	 cls_1 	2.29	1220	91.3248	1.9677	1.1396	1.56	1	68.1223
hwasun_nongeup	185	 cls_1 	19.24	2500	177.1129	1.4205	1.0582	17.44	1	90.6445
hwasun_nongeup	186	 cls_1 	3.47	1300	83.5046	1.7105	1.1065	2.54	2	73.1988
hwasun_nongeup	188	 cls_1 	7.62	4360	293.7174	3.8929	1.2443	4.46	5	58.5302
hwasun_nongeup	189	 cls_1 	5.96	2260	128.9831	2.3061	1.1526	4.29	1	71.9799
hwasun_nongeup	190	 cls_1 	3.44	1700	127.3362	2.2368	1.1588	2.3	1	66.8605
hwasun_nongeup	191	 cls_1 	0.68	480	38.2067	1.4118	1.085	0.34	1	50
hwasun_nongeup	192	 cls_1 	109.66	7600	503.4967	1.8095	1.0857	104.06	1	94.8933
hwasun_nongeup	193	 cls_1 	1004.27	45740	1889.6363	3.6073	1.1592	972.05	4	96.7917
hwasun_nongeup	194	 cls_1 	5.06	1820	130.547	2.0222	1.1301	3.82	1	75.4941
hwasun_nongeup	195	 cls_1 	33.36	5480	334.2155	2.3621	1.1358	29.87	2	89.5384
hwasun_nongeup	197	 cls_1 	6.16	2700	162.4689	2.7	1.1814	4.19	3	68.0195
hwasun_nongeup	198	 cls_1 	6.45	2960	127.5456	2.902	1.1931	4.42	3	68.5271
hwasun_nongeup	199	 cls_1 	0.01	40	5	1	1	0	0	0
hwasun_nongeup	200	 cls_1 	1.87	840	58.5072	1.5	1.0872	1.28	1	68.4492
hwasun_nongeup	201	 cls_1 	8.48	2120	141.8686	1.7966	1.1055	6.94	1	81.8396
hwasun_nongeup	203	 cls_1 	48.99	7960	469.7773	2.8429	1.1595	43.79	1	89.3856
hwasun_nongeup	204	 cls_1 	1.57	860	66.172	1.6538	1.1118	1.05	1	66.879
hwasun_nongeup	205	 cls_1 	8.87	3080	201.3344	2.5667	1.1667	6.76	1	76.212
hwasun_nongeup	206	 cls_1 	36.92	9100	615.3191	3.7295	1.206	30.35	1	82.2048
hwasun_nongeup	207	 cls_1 	96.59	12680	493.7839	3.2183	1.17	87.9	1	91.0032
hwasun_nongeup	208	 cls_1 	1.39	860	64.0327	1.7917	1.126	0.86	1	61.8705
hwasun_nongeup	209	 cls_1 	4.44	1840	113.3407	2.1395	1.1459	3.17	2	71.3964
hwasun_nongeup	210	 cls_1 	6.63	2620	168.5203	2.5192	1.1682	4.78	1	72.0965
hwasun_nongeup	212	 cls_1 	1.94	920	75.8427	1.6429	1.1016	1.25	1	64.433
hwasun_nongeup	213	 cls_1 	4.55	2060	142.052	2.3953	1.1644	3.04	1	66.8132
hwasun_nongeup	214	 cls_1 	2.59	920	76.1006	1.3939	1.0703	1.94	1	74.9035
hwasun_nongeup	215	 cls_1 	0.18	200	17.0279	1.1111	1.0438	0.06	1	33.3333
hwasun_nongeup	216	 cls_1 	34.77	8580	376.1866	3.6356	1.2024	28.59	3	82.2261
hwasun_nongeup	217	 cls_1 	39.31	13020	426.5438	5.1667	1.2557	30.22	4	76.8761
hwasun_nongeup	218	 cls_1 	17.78	2380	169.646	1.4	1.057	16.16	1	90.8886
hwasun_nongeup	219	 cls_1 	2.82	960	74.2096	1.4118	1.0697	2.19	1	77.6596
hwasun_nongeup	220	 cls_1 	2.86	1220	94.8266	1.7941	1.1149	2.02	1	70.6294
hwasun_nongeup	221	 cls_1 	0.51	360	27.8512	1.2	1.0542	0.3	1	58.8235
hwasun_nongeup	222	 cls_1 	9.72	2980	177.8376	2.3651	1.1517	7.63	1	78.4979
hwasun_nongeup	223	 cls_1 	3.71	1680	128.5721	2.1538	1.1482	2.59	1	69.8113
hwasun_nongeup	224	 cls_1 	2.05	960	66.0756	1.6552	1.1041	1.42	1	69.2683
hwasun_nongeup	225	 cls_1 	0.67	580	44.0473	1.7059	1.1298	0.31	1	46.2687
hwasun_nongeup	226	 cls_1 	3.51	1400	91.7974	1.8421	1.1194	2.59	2	73.7892
hwasun_nongeup	227	 cls_1 	1.53	820	69.2468	1.64	1.1049	0.95	1	62.0915
hwasun_nongeup	228	 cls_1 	21.32	7320	542.3891	3.9355	1.2245	16.17	1	75.8443
hwasun_nongeup	229	 cls_1 	0.02	60	5	1	1.0222	0	0	0
hwasun_nongeup	230	 cls_1 	9.87	1860	135.4687	1.4762	1.0682	8.66	1	87.7406
hwasun_nongeup	231	 cls_1 	0.32	300	23.1206	1.25	1.0699	0.15	1	46.875
hwasun_nongeup	232	 cls_1 	34.35	7020	349.8998	2.9746	1.1721	29.52	1	85.9389
hwasun_nongeup	233	 cls_1 	2.99	1780	110.9291	2.5429	1.1834	1.9	2	63.5452
hwasun_nongeup	234	 cls_1 	1.38	920	74.4006	1.9167	1.141	0.74	1	53.6232
hwasun_nongeup	235	 cls_1 	60.76	6100	356.2766	1.9551	1.1008	56.46	1	92.923
hwasun_nongeup	237	 cls_1 	0.5	460	34.6545	1.5333	1.1142	0.23	1	46
hwasun_nongeup	238	 cls_1 	4.15	1780	122.2429	2.1707	1.147	2.97	1	71.5663
hwasun_nongeup	239	 cls_1 	1.23	800	60.7796	1.7391	1.1252	0.72	1	58.5366
hwasun_nongeup	240	 cls_1 	85.86	9940	576.74	2.672	1.1444	78.61	1	91.556
hwasun_nongeup	241	 cls_1 	392.3	75400	1383.0053	9.4962	1.2968	339.54	17	86.5511
hwasun_nongeup	242	 cls_1 	0.2	240	19.0912	1.3333	1.0773	0.06	1	30
hwasun_nongeup	243	 cls_1 	3.41	1640	141.5789	2.2162	1.1528	2.19	1	64.2229
hwasun_nongeup	244	 cls_1 	23.05	3500	237.3186	1.8041	1.0972	20.49	1	88.8937
hwasun_nongeup	245	 cls_1 	55.06	10540	728.7806	3.5369	1.1917	47.94	1	87.0687
hwasun_nongeup	246	 cls_1 	0.91	560	40.0361	1.4	1.0842	0.59	1	64.8352
hwasun_nongeup	247	 cls_1 	1.24	820	64.4133	1.7826	1.1295	0.63	1	50.8065
hwasun_nongeup	248	 cls_1 	2.25	1140	79.6029	1.9	1.1281	1.53	1	68
hwasun_nongeup	249	 cls_1 	66.59	14220	548.6854	4.3354	1.2195	56.79	3	85.2831
hwasun_nongeup	250	 cls_1 	2.8	1040	76.5721	1.5294	1.0861	2.07	1	73.9286
hwasun_nongeup	251	 cls_1 	0.28	280	21.0907	1.2727	1.0705	0.11	1	39.2857
hwasun_nongeup	252	 cls_1 	1.48	1000	73.7529	2	1.15	0.81	1	54.7297
hwasun_nongeup	253	 cls_1 	0.33	360	32.5624	1.5	1.1108	0.07	2	21.2121
hwasun_nongeup	254	 cls_1 	70.51	12620	629.0366	3.756	1.1966	61.44	2	87.1366
hwasun_nongeup	255	 cls_1 	0.2	280	24.8951	1.5556	1.1179	0.02	1	10
hwasun_nongeup	256	 cls_1 	0.41	420	29.7622	1.6154	1.1189	0.14	2	34.1463
hwasun_nongeup	257	 cls_1 	0.68	460	37.1244	1.3529	1.0754	0.38	1	55.8824
hwasun_nongeup	258	 cls_1 	0.44	500	56.2633	1.7857	1.1511	0.04	1	9.0909
hwasun_nongeup	259	 cls_1 	2.01	740	59.1406	1.2759	1.0537	1.5	1	74.6269
hwasun_nongeup	260	 cls_1 	0.42	380	26.7798	1.4615	1.0917	0.19	1	45.2381
hwasun_nongeup	261	 cls_1 	4.62	3220	203.3142	3.7442	1.2459	2.57	14	55.6277
hwasun_nongeup	262	 cls_1 	6.29	3560	230.9055	3.4902	1.2293	4.04	2	64.2289
hwasun_nongeup	263	 cls_1 	166.48	14840	741.2147	2.8649	1.1475	156.07	1	93.747
hwasun_nongeup	264	 cls_1 	5.85	1860	135.8608	1.898	1.1191	4.75	1	81.1966
hwasun_nongeup	265	 cls_1 	20.49	3980	232.9954	2.1868	1.1288	17.73	1	86.53
hwasun_nongeup	266	 cls_1 	3.13	1240	76.3379	1.7222	1.1084	2.31	1	73.8019
hwasun_nongeup	267	 cls_1 	5.96	2960	231.8508	3.0204	1.2017	4.07	2	68.2886
hwasun_nongeup	268	 cls_1 	5.48	1460	114.297	1.5532	1.0814	4.44	1	81.0219
hwasun_nongeup	269	 cls_1 	201.82	45260	1584.4521	7.9404	1.2859	169.73	12	84.0997
hwasun_nongeup	270	 cls_1 	125.42	22780	851.391	5.0848	1.2316	109.45	5	87.2668
hwasun_nongeup	271	 cls_1 	11.71	4560	223.4723	3.3043	1.2062	8.46	1	72.2459
hwasun_nongeup	272	 cls_1 	0.44	340	27.1667	1.2143	1.0591	0.2	1	45.4545
hwasun_nongeup	274	 cls_1 	75.43	10760	568.2628	3.092	1.1671	68.01	1	90.1631
hwasun_nongeup	275	 cls_1 	76.88	30220	1093.9016	8.5852	1.3178	56.53	5	73.5302
hwasun_nongeup	276	 cls_1 	2.4	1500	122.1468	2.4194	1.1753	1.53	1	63.75
hwasun_nongeup	277	 cls_1 	0.66	460	35.5893	1.3529	1.079	0.34	1	51.5152
hwasun_nongeup	278	 cls_1 	75.15	9240	576.8883	2.6552	1.1449	68.63	1	91.324
hwasun_nongeup	279	 cls_1 	0.67	460	34.6032	1.3529	1.0772	0.39	1	58.209
hwasun_nongeup	280	 cls_1 	1.42	1140	87.8974	2.375	1.1824	0.69	1	48.5915
hwasun_nongeup	281	 cls_1 	7.03	2840	167.6329	2.6296	1.1765	4.98	1	70.8393
hwasun_nongeup	282	 cls_1 	20.46	4660	235.5714	2.5604	1.1547	17.2	3	84.0665
hwasun_nongeup	283	 cls_1 	5.27	2160	163.9564	2.3478	1.1574	3.71	1	70.3985
hwasun_nongeup	284	 cls_1 	3.6	940	76.5983	1.2368	1.0408	2.91	1	80.8333
hwasun_nongeup	285	 cls_1 	25.96	3600	248.7025	1.7647	1.0913	23.29	1	89.7149
hwasun_nongeup	286	 cls_1 	1.55	700	54.6925	1.4	1.0706	1.12	1	72.2581
hwasun_nongeup	287	 cls_1 	1.4	1000	71.9816	2.0833	1.1567	0.81	1	57.8571
hwasun_nongeup	288	 cls_1 	1.12	940	76.3996	2.1364	1.1711	0.47	4	41.9643
hwasun_nongeup	289	 cls_1 	15.35	2560	164.4843	1.6203	1.0822	13.62	1	88.7296
hwasun_nongeup	290	 cls_1 	0.74	460	34.4459	1.2778	1.0652	0.45	1	60.8108
hwasun_nongeup	291	 cls_1 	66.56	11180	572.9345	3.4085	1.1837	58.56	2	87.9808
hwasun_nongeup	292	 cls_1 	0.95	860	70.1724	2.15	1.1728	0.45	1	47.3684
hwasun_nongeup	293	 cls_1 	6.25	3060	133.86	3.06	1.2026	4.18	2	66.88
hwasun_nongeup	294	 cls_1 	1.69	860	61.6008	1.6538	1.1034	1.09	1	64.497
hwasun_nongeup	295	 cls_1 	2.76	1440	120.9817	2.1176	1.1513	1.76	1	63.7681
hwasun_nongeup	296	 cls_1 	6.85	2280	154.2085	2.1509	1.1398	5.34	1	77.9562
hwasun_nongeup	297	 cls_1 	10.01	1780	140.787	1.3906	1.0593	8.67	1	86.6134
hwasun_nongeup	298	 cls_1 	0.32	320	29.6979	1.3333	1.0859	0.08	1	25
hwasun_nongeup	299	 cls_1 	0.78	480	39.2188	1.3333	1.0684	0.43	1	55.1282
hwasun_nongeup	300	 cls_1 	85.11	16400	545.3607	4.4324	1.2185	73.67	1	86.5586
hwasun_nongeup	301	 cls_1 	22.83	3360	225.7255	1.75	1.0915	20.46	1	89.6189
hwasun_nongeup	302	 cls_1 	6.68	2900	200.0212	2.7885	1.1857	4.73	1	70.8084
hwasun_nongeup	303	 cls_1 	214.72	48160	887.0099	8.1905	1.2889	180.95	15	84.2725
hwasun_nongeup	304	 cls_1 	10.83	3540	215.8839	2.6818	1.1707	8.35	1	77.1006
hwasun_nongeup	305	 cls_1 	0.48	400	29.2457	1.4286	1.0866	0.25	1	52.0833
hwasun_nongeup	306	 cls_1 	0.22	240	18.9983	1.2	1.064	0.08	1	36.3636
hwasun_nongeup	307	 cls_1 	28.93	5000	385.4362	2.3148	1.1341	25.1	1	86.7611
hwasun_nongeup	308	 cls_1 	0.01	40	5	1	1	0	0	0
hwasun_nongeup	309	 cls_1 	2.04	1300	109.8798	2.2414	1.1657	1.02	3	50
hwasun_nongeup	310	 cls_1 	19.58	4020	231.8533	2.2584	1.1346	16.56	1	84.5761
hwasun_nongeup	311	 cls_1 	81.83	13320	463.9282	3.6796	1.1914	72.45	4	88.5372
hwasun_nongeup	312	 cls_1 	0.71	480	35.8055	1.4118	1.0797	0.42	1	59.1549
hwasun_nongeup	313	 cls_1 	439.05	50100	1334.0041	5.9643	1.2338	402.95	4	91.7777
hwasun_nongeup	314	 cls_1 	0.22	220	18.7359	1.1	1.0414	0.08	1	36.3636
hwasun_nongeup	315	 cls_1 	17.93	6140	417.458	3.6118	1.2129	13.56	1	75.6274
hwasun_nongeup	316	 cls_1 	0.49	340	26.5563	1.2143	1.0457	0.29	1	59.1837
hwasun_nongeup	317	 cls_1 	0.37	320	24.3751	1.2308	1.0667	0.18	1	48.6486
hwasun_nongeup	318	 cls_1 	3.26	1520	115.1823	2.0541	1.1432	2.17	1	66.5644
hwasun_nongeup	319	 cls_1 	0.88	480	41.1287	1.2632	1.0542	0.53	1	60.2273
hwasun_nongeup	320	 cls_1 	132.51	32260	1150.1825	6.9827	1.2762	109.1	3	82.3334
hwasun_nongeup	321	 cls_1 	3.72	1420	107.3096	1.8205	1.1159	2.78	1	74.7312
hwasun_nongeup	322	 cls_1 	0.34	340	30.0712	1.4167	1.0927	0.1	1	29.4118
hwasun_nongeup	323	 cls_1 	281.97	26420	758.6941	3.9315	1.1844	263.56	1	93.4709
hwasun_nongeup	324	 cls_1 	0.13	180	14.157	1.125	1.0618	0.03	1	23.0769
hwasun_nongeup	325	 cls_1 	11.62	2320	175.9296	1.6812	1.0911	9.93	1	85.4561
hwasun_nongeup	326	 cls_1 	132	32420	1235.8499	7.0478	1.2773	108.81	5	82.4318
hwasun_nongeup	327	 cls_1 	0.11	140	12.5309	1	1.0154	0.02	1	18.1818
hwasun_nongeup	328	 cls_1 	4.01	1840	136.3929	2.2439	1.1569	2.8	1	69.8254
hwasun_nongeup	330	 cls_1 	2.75	1300	96.9778	1.9118	1.1316	1.88	1	68.3636
hwasun_nongeup	331	 cls_1 	217.44	46040	939.7581	7.8034	1.2816	185.54	3	85.3293
hwasun_nongeup	332	 cls_1 	1.57	800	58.8598	1.5385	1.0968	1.05	1	66.879
hwasun_nongeup	333	 cls_1 	0.84	620	50.6113	1.6316	1.1163	0.45	1	53.5714
hwasun_nongeup	334	 cls_1 	6.01	2100	156.9954	2.1	1.1384	4.75	1	79.0349
hwasun_nongeup	335	 cls_1 	0.64	420	32.3154	1.3125	1.0621	0.38	1	59.375
hwasun_nongeup	336	 cls_1 	1.35	920	89.3018	1.9167	1.1436	0.67	2	49.6296
hwasun_nongeup	337	 cls_1 	1.49	880	68.8189	1.76	1.1226	0.93	1	62.4161
hwasun_nongeup	338	 cls_1 	74.09	20400	864.7625	5.896	1.2633	60.06	3	81.0636
hwasun_nongeup	339	 cls_1 	0.76	480	39.8107	1.3333	1.0715	0.42	1	55.2632
hwasun_nongeup	341	 cls_1 	50.49	9240	483.2404	3.2308	1.1796	43.73	2	86.6112
hwasun_nongeup	342	 cls_1 	9.79	3720	192.014	2.9524	1.1896	7.37	1	75.2809
hwasun_nongeup	343	 cls_1 	4.95	2480	143.7948	2.7556	1.1896	3.31	2	66.8687
hwasun_nongeup	344	 cls_1 	0.34	340	26.4881	1.4167	1.0927	0.13	1	38.2353
hwasun_nongeup	345	 cls_1 	12.97	3860	254.3762	2.6438	1.1674	10.43	1	80.4163
hwasun_nongeup	346	 cls_1 	0.49	400	32.8818	1.4286	1.084	0.24	1	48.9796
hwasun_nongeup	347	 cls_1 	6.42	1560	105.6038	1.5294	1.0779	5.31	2	82.7103
hwasun_nongeup	348	 cls_1 	92.73	10160	633.9994	2.6321	1.1412	85.71	2	92.4296
hwasun_nongeup	351	 cls_1 	6.94	2480	118.3012	2.3396	1.1536	5.33	2	76.8012
hwasun_nongeup	353	 cls_1 	0.44	460	33.6883	1.6429	1.1312	0.18	1	40.9091
hwasun_nongeup	354	 cls_1 	0.7	520	40.8918	1.5294	1.0996	0.36	1	51.4286
hwasun_nongeup	355	 cls_1 	1.35	620	46.335	1.2917	1.0606	0.97	1	71.8519
hwasun_nongeup	356	 cls_1 	2.96	1780	142.9571	2.5429	1.1846	1.79	2	60.473
hwasun_nongeup	357	 cls_1 	1.25	720	57.7171	1.5652	1.101	0.76	1	60.8
hwasun_nongeup	358	 cls_1 	0.28	340	26.5107	1.5455	1.1194	0.09	1	32.1429
hwasun_nongeup	359	 cls_1 	60.26	11780	500.5112	3.7756	1.2004	51.86	2	86.0604
hwasun_nongeup	360	 cls_1 	0.8	560	42.8552	1.5556	1.0997	0.42	1	52.5
hwasun_nongeup	361	 cls_1 	55.25	17580	653.3667	5.8993	1.2688	42.45	4	76.8326
hwasun_nongeup	362	 cls_1 	0.4	320	27.2402	1.2308	1.0567	0.18	1	45
hwasun_nongeup	364	 cls_1 	0.57	440	35.0979	1.375	1.087	0.28	1	49.1228
hwasun_nongeup	365	 cls_1 	0.51	400	32.5195	1.3333	1.0789	0.25	1	49.0196
hwasun_nongeup	366	 cls_1 	8.19	3820	289.5816	3.2931	1.213	5.56	2	67.8877
hwasun_nongeup	367	 cls_1 	0.29	280	21.9547	1.2727	1.0658	0.12	1	41.3793
hwasun_nongeup	368	 cls_1 	1.94	1140	70.4033	2.0357	1.145	1.22	1	62.8866
hwasun_nongeup	370	 cls_1 	2.44	1340	116.6156	2.0938	1.151	1.39	3	56.9672
hwasun_nongeup	371	 cls_1 	1.34	800	72.2391	1.6667	1.1151	0.69	1	51.4925
hwasun_nongeup	372	 cls_1 	2.05	1180	91.183	2.0345	1.1456	1.17	1	57.0732
hwasun_nongeup	373	 cls_1 	1.59	1040	76.7951	2	1.1496	0.91	1	57.2327
hwasun_nongeup	374	 cls_1 	45.83	9000	535.9181	3.3088	1.1843	39.4	1	85.9699
hwasun_nongeup	375	 cls_1 	1.37	700	53.4807	1.4583	1.0845	0.88	1	64.2336
hwasun_nongeup	376	 cls_1 	0.55	460	39.3413	1.5333	1.1019	0.24	1	43.6364
hwasun_nongeup	377	 cls_1 	0.81	500	37.1539	1.3889	1.073	0.5	1	61.7284
hwasun_nongeup	378	 cls_1 	2.05	840	59.3683	1.4483	1.0772	1.48	1	72.1951
hwasun_nongeup	379	 cls_1 	7.66	3180	177.2573	2.8393	1.1876	5.43	2	70.8877
hwasun_nongeup	380	 cls_1 	2	1180	75.7087	2.0345	1.1485	1.23	2	61.5
hwasun_nongeup	381	 cls_1 	8.81	3140	196.4897	2.6167	1.1708	6.65	1	75.4824
hwasun_nongeup	382	 cls_1 	0.84	480	36.1546	1.2632	1.0596	0.54	1	64.2857
hwasun_nongeup	383	 cls_1 	2.51	940	66.5147	1.4688	1.0778	1.9	1	75.6972
hwasun_nongeup	384	 cls_1 	0.75	540	42.3295	1.5	1.0995	0.4	1	53.3333
hwasun_nongeup	385	 cls_1 	0.93	540	43.9257	1.35	1.0736	0.57	1	61.2903
hwasun_nongeup	386	 cls_1 	0.68	480	38.4598	1.4118	1.085	0.36	1	52.9412
hwasun_nongeup	387	 cls_1 	0.43	320	25.7644	1.1429	1.0475	0.21	1	48.8372
hwasun_nongeup	388	 cls_1 	0.87	500	47.0608	1.3158	1.0646	0.47	1	54.023
hwasun_nongeup	389	 cls_1 	0.8	500	40.7975	1.3889	1.0745	0.46	1	57.5
hwasun_nongeup	390	 cls_1 	4.76	1580	102.873	1.7955	1.1102	3.58	1	75.2101
hwasun_nongeup	391	 cls_1 	0.5	360	28.5877	1.2	1.0566	0.26	1	52
hwasun_nongeup	392	 cls_1 	9.01	1720	130.0927	1.4098	1.063	7.66	1	85.0166
hwasun_nongeup	393	 cls_1 	8	1620	133.51	1.4211	1.0636	6.84	1	85.5
hwasun_nongeup	394	 cls_1 	6.41	2760	163.2475	2.7059	1.1812	4.47	2	69.7348
hwasun_nongeup	395	 cls_1 	0.92	540	42.9024	1.35	1.0749	0.55	1	59.7826
hwasun_nongeup	396	 cls_1 	1.57	1080	77.6351	2.0769	1.1589	0.85	1	54.1401
hwasun_nongeup	397	 cls_1 	0.66	540	38.4794	1.5882	1.1155	0.36	1	54.5455
hwasun_nongeup	398	 cls_1 	0.67	480	37.3227	1.4118	1.0868	0.34	1	50.7463
hwasun_nongeup	399	 cls_1 	1.33	880	78.3194	1.8333	1.136	0.69	1	51.8797
hwasun_nongeup	400	 cls_1 	3.85	1720	132.0819	2.15	1.1486	2.66	1	69.0909
hwasun_nongeup	401	 cls_1 	36.15	11600	541.3156	4.7934	1.2459	28.12	2	77.787
hwasun_nongeup	402	 cls_1 	13.66	3820	255.6335	2.5811	1.1606	10.94	1	80.0878
hwasun_nongeup	403	 cls_1 	6.01	1480	118.633	1.48	1.0748	4.9	1	81.5308
hwasun_nongeup	404	 cls_1 	4.15	1300	101.4318	1.5854	1.0879	3.18	1	76.6265
hwasun_nongeup	405	 cls_1 	0.55	460	46.4587	1.5333	1.1019	0.17	1	30.9091
hwasun_nongeup	406	 cls_1 	3.4	1500	90.1336	2.027	1.1361	2.36	1	69.4118
hwasun_nongeup	407	 cls_1 	4.74	1680	118.261	1.9091	1.1221	3.63	1	76.5823
hwasun_nongeup	408	 cls_1 	2.49	1060	90.1161	1.6562	1.1024	1.73	1	69.4779
hwasun_nongeup	409	 cls_1 	1.17	600	45.1308	1.3636	1.0698	0.83	1	70.9402
hwasun_nongeup	410	 cls_1 	0.36	320	25.857	1.3333	1.0703	0.15	1	41.6667
hwasun_nongeup	411	 cls_1 	0.48	420	36.8436	1.5	1.0981	0.17	1	35.4167
hwasun_nongeup	412	 cls_1 	58.64	15320	787.6084	4.974	1.2424	47.38	1	80.7981
hwasun_nongeup	413	 cls_1 	0.71	440	33.5971	1.2941	1.0601	0.46	1	64.7887
hwasun_nongeup	414	 cls_1 	0.57	420	35.0391	1.3125	1.0763	0.29	1	50.8772
hwasun_nongeup	415	 cls_1 	0.38	300	24.1584	1.1538	1.0476	0.19	1	50
hwasun_nongeup	416	 cls_1 	2.31	1320	89.8667	2.129	1.1543	1.51	1	65.368
hwasun_nongeup	417	 cls_1 	6.51	2620	160.1821	2.5192	1.1701	4.61	2	70.8141
hwasun_nongeup	418	 cls_1 	1.07	800	59.9642	1.9048	1.1421	0.53	2	49.5327
hwasun_nongeup	419	 cls_1 	1.08	780	59.7148	1.8571	1.1355	0.55	2	50.9259
hwasun_nongeup	420	 cls_1 	1.2	660	47.4232	1.5	1.0872	0.77	1	64.1667
hwasun_nongeup	421	 cls_1 	4.62	2140	157.9918	2.4884	1.1698	3.17	1	68.6147
hwasun_nongeup	422	 cls_1 	4.68	1880	164.4635	2.1364	1.1443	3.17	1	67.735
hwasun_nongeup	423	 cls_1 	0.82	540	37.9537	1.4211	1.0886	0.49	1	59.7561
hwasun_nongeup	424	 cls_1 	10.73	3620	215.2351	2.7424	1.1755	8.25	1	76.8872
hwasun_nongeup	425	 cls_1 	0.72	460	36.7413	1.3529	1.0685	0.42	1	58.3333
hwasun_nongeup	426	 cls_1 	1.23	700	48.7642	1.5217	1.0969	0.82	1	66.6667
hwasun_nongeup	427	 cls_1 	5.13	2160	186.7695	2.3478	1.1602	3.6	1	70.1754
hwasun_nongeup	428	 cls_1 	3.95	1600	121.8654	2	1.1322	2.83	1	71.6456
hwasun_nongeup	429	 cls_1 	0.41	380	30.2273	1.4615	1.0948	0.19	1	46.3415
hwasun_nongeup	430	 cls_1 	0.56	600	59.2028	2	1.1611	0.11	3	19.6429
hwasun_nongeup	431	 cls_1 	0.17	200	17.4331	1.1111	1.0518	0.04	1	23.5294
naju_nongeup	1	 cls_9 	33278.29	2415320	10830.4673	33.0956	1.3567	31572.61	144	94.8745
naju_nongeup	2	 cls_9 	0.01	40	5	1	1	0	0	0
naju_nongeup	4	 cls_9 	0.08	200	16.6792	1.6667	1.1705	0	0	0
naju_nongeup	6	 cls_9 	14.71	4020	241.4473	2.6104	1.1619	12.01	2	81.6451
naju_nongeup	8	 cls_9 	11.13	2740	163.744	2.0448	1.1238	9.15	1	82.2102
naju_nongeup	10	 cls_9 	0.4	460	34.7837	1.7692	1.1442	0.13	1	32.5
naju_nongeup	13	 cls_9 	0.01	40	5	1	1	0	0	0
naju_nongeup	14	 cls_9 	2.38	1160	80.5568	1.871	1.1253	1.57	1	65.9664
naju_nongeup	15	 cls_9 	0.01	40	5	1	1	0	0	0
naju_nongeup	17	 cls_9 	0.01	40	5	1	1	0	0	0
naju_nongeup	18	 cls_9 	0.2	460	31.8716	2.5556	1.2485	0.02	1	10
naju_nongeup	26	 cls_9 	0.15	260	20.754	1.625	1.1416	0.01	1	6.6667
naju_nongeup	28	 cls_9 	19.54	9780	768.5902	5.4944	1.2808	12.38	6	63.3572
naju_nongeup	32	 cls_9 	0.6	420	33.3994	1.3125	1.0699	0.34	1	56.6667
naju_nongeup	33	 cls_9 	3.47	1300	110.2352	1.7105	1.1065	2.63	1	75.7925
naju_nongeup	35	 cls_9 	0.85	460	36.3722	1.2105	1.0489	0.54	1	63.5294
naju_nongeup	38	 cls_9 	0.01	40	5	1	1	0	0	0
naju_nongeup	39	 cls_9 	0.01	40	5	1	1	0	0	0
naju_nongeup	43	 cls_9 	0.24	240	19.0462	1.2	1.0521	0.1	1	41.6667
naju_nongeup	44	 cls_9 	0.91	600	44.4948	1.5	1.0993	0.52	1	57.1429
naju_nongeup	49	 cls_9 	2.91	1660	121.4211	2.3714	1.173	1.81	1	62.1993
naju_nongeup	50	 cls_9 	0.75	520	46.728	1.4444	1.0911	0.37	1	49.3333
naju_nongeup	57	 cls_9 	5.67	3480	292.4988	3.625	1.2368	3.25	3	57.3192
naju_nongeup	58	 cls_9 	4.63	1520	87.8413	1.7273	1.1059	3.57	1	77.1058
naju_nongeup	61	 cls_9 	1.21	600	46.4698	1.3636	1.066	0.81	1	66.9421
naju_nongeup	66	 cls_9 	1.07	940	85.6436	2.2381	1.1769	0.39	2	36.4486
naju_nongeup	72	 cls_9 	1.69	800	65.0069	1.5385	1.0885	1.09	1	64.497
naju_nongeup	81	 cls_9 	5.87	2260	122.8931	2.3061	1.1542	4.41	1	75.1278
naju_nongeup	82	 cls_9 	5.13	1880	106.8083	2.0435	1.1346	3.84	2	74.8538
naju_nongeup	83	 cls_9 	1.17	500	41.8735	1.1364	1.0309	0.79	1	67.5214
naju_nongeup	84	 cls_9 	2.86	940	72.6662	1.3824	1.0641	2.24	1	78.3217
naju_nongeup	85	 cls_9 	0.76	440	35.0572	1.2222	1.052	0.47	1	61.8421
naju_nongeup	90	 cls_9 	2.19	1040	82.073	1.7333	1.1128	1.52	1	69.4064
naju_nongeup	91	 cls_9 	0.32	320	25.3523	1.3333	1.0859	0.14	1	43.75
naju_nongeup	95	 cls_9 	0.68	540	43.8523	1.5882	1.1117	0.34	1	50
naju_nongeup	96	 cls_9 	1.96	800	60.7976	1.4286	1.0722	1.4	1	71.4286
naju_nongeup	99	 cls_9 	4.12	1700	124.6296	2.0732	1.1391	3	2	72.8155
naju_nongeup	102	 cls_9 	0.09	180	16.3105	1.5	1.1192	0	0	0
naju_nongeup	105	 cls_9 	0.15	320	27.4676	2	1.1984	0	0	0
naju_nongeup	109	 cls_9 	0.85	440	35.3163	1.1579	1.039	0.56	1	65.8824
naju_nongeup	114	 cls_9 	5.91	1620	110.4124	1.6531	1.0929	4.75	1	80.3723
naju_nongeup	115	 cls_9 	0.01	40	5	1	1	0	0	0
naju_nongeup	116	 cls_9 	0.01	40	5	1	1	0	0	0
naju_nongeup	117	 cls_9 	0.68	800	70.4289	2.3529	1.2008	0.22	2	32.3529
naju_nongeup	120	 cls_9 	2.51	1800	177.64	2.8125	1.2061	1.31	4	52.1912
naju_nongeup	125	 cls_9 	2.18	760	60.3022	1.2667	1.0505	1.64	1	75.2294
naju_nongeup	127	 cls_9 	0.72	500	44.3409	1.4706	1.0872	0.34	1	47.2222
naju_nongeup	139	 cls_9 	6.15	1580	104.0395	1.58	1.0844	5.03	1	81.7886
naju_nongeup	142	 cls_9 	5.31	1860	138.4038	1.9787	1.1291	4.02	1	75.7062
naju_nongeup	143	 cls_9 	2.51	920	73.5337	1.4375	1.0736	1.84	1	73.3068
naju_nongeup	147	 cls_9 	1.15	800	56.1167	1.8182	1.1333	0.64	1	55.6522
naju_nongeup	155	 cls_9 	0.02	60	5	1	1.0222	0	0	0
naju_nongeup	156	 cls_9 	0.73	460	38.7274	1.2778	1.0668	0.39	1	53.4247
naju_nongeup	157	 cls_9 	1.54	920	67.239	1.84	1.128	0.9	1	58.4416
naju_nongeup	160	 cls_9 	0.82	520	42.5273	1.3684	1.0802	0.47	1	57.3171
naju_nongeup	163	 cls_9 	1.87	760	59.7169	1.3571	1.0669	1.32	1	70.5882
naju_nongeup	170	 cls_9 	1.26	1400	126.9656	3.0435	1.2409	0.42	5	33.3333
naju_nongeup	171	 cls_9 	1.16	520	41.1836	1.1818	1.0402	0.83	1	71.5517
naju_nongeup	172	 cls_9 	5.49	1300	106.2459	1.383	1.06	4.52	1	82.3315
naju_nongeup	173	 cls_9 	18.07	2120	166.2549	1.2326	1.0364	16.63	1	92.031
naju_nongeup	175	 cls_9 	7.45	1680	121.0657	1.5273	1.0768	6.26	1	84.0268
naju_nongeup	179	 cls_9 	1.12	580	47.0749	1.3182	1.0675	0.73	1	65.1786
naju_nongeup	180	 cls_9 	0.39	340	26.7891	1.3077	1.0746	0.19	1	48.7179
naju_nongeup	181	 cls_9 	973.59	119880	1526.2352	9.5904	1.2812	889.85	16	91.3988
naju_nongeup	182	 cls_9 	0.3	320	28.6861	1.4545	1.0946	0.07	1	23.3333
naju_nongeup	183	 cls_9 	0.5	400	28.9068	1.3333	1.0814	0.26	1	52
naju_nongeup	185	 cls_9 	1.25	640	46.2361	1.3913	1.076	0.84	1	67.2
naju_nongeup	187	 cls_9 	54.2	8440	352.8933	2.8514	1.1595	48.33	1	89.1697
naju_nongeup	188	 cls_9 	127.26	8840	606.5293	1.9558	1.0957	121.1	1	95.1595
naju_nongeup	191	 cls_9 	0.87	540	43.1428	1.4211	1.0815	0.54	1	62.069
naju_nongeup	192	 cls_9 	74.98	14600	553.0028	4.1954	1.2127	64.69	1	86.2763
naju_nongeup	194	 cls_9 	12.72	2660	199.1991	1.8472	1.106	10.96	1	86.1635
naju_nongeup	199	 cls_9 	2.86	1060	77.2535	1.5588	1.0875	2.07	1	72.3776
naju_nongeup	200	 cls_9 	1.6	640	49.7997	1.2308	1.0486	1.13	1	70.625
naju_nongeup	201	 cls_9 	0.6	340	29.3493	1.0625	1.0214	0.36	1	60
naju_nongeup	205	 cls_9 	0.01	40	5	1	1	0	0	0
naju_nongeup	207	 cls_9 	0.12	260	30	1.8571	1.1775	0	0	0
naju_nongeup	209	 cls_9 	0.55	500	40.0104	1.6667	1.1212	0.21	1	38.1818
naju_nongeup	214	 cls_9 	0.66	420	34.4037	1.2353	1.0583	0.4	1	60.6061
naju_nongeup	216	 cls_9 	0.36	320	27.023	1.3333	1.0703	0.15	1	41.6667
naju_nongeup	218	 cls_9 	0.46	340	27.4895	1.2143	1.0535	0.25	1	54.3478
naju_nongeup	221	 cls_9 	0.31	260	21.6392	1.0833	1.0385	0.14	1	45.1613
naju_nongeup	224	 cls_9 	0.23	220	18.2627	1.1	1.0354	0.09	1	39.1304
naju_nongeup	225	 cls_9 	1.02	580	43.6399	1.381	1.0784	0.63	1	61.7647
naju_nongeup	226	 cls_9 	1142.69	132640	1707.362	9.7962	1.281	1049.23	4	91.8211
naju_nongeup	227	 cls_9 	6.68	2120	165.7598	2.0385	1.1293	5.24	1	78.4431
naju_nongeup	228	 cls_9 	0.63	520	37.7229	1.625	1.1128	0.29	1	46.0317
naju_nongeup	237	 cls_9 	4	2020	138.6051	2.525	1.1748	2.59	1	64.75
naju_nongeup	246	 cls_9 	5.78	2180	129.2241	2.2245	1.1493	4.3	1	74.3945
naju_nongeup	252	 cls_9 	0.46	380	30.6091	1.3571	1.0799	0.21	1	45.6522
naju_nongeup	256	 cls_9 	1.11	840	72.8769	1.9091	1.1481	0.53	1	47.7477
naju_nongeup	258	 cls_9 	1.19	520	42.692	1.1818	1.0374	0.82	1	68.9076
naju_nongeup	259	 cls_9 	0.42	320	26.4958	1.2308	1.0505	0.2	1	47.619
naju_nongeup	261	 cls_9 	0.01	40	5	1	1	0	0	0
naju_nongeup	262	 cls_9 	0.02	60	5	1	1.0222	0	0	0
naju_nongeup	264	 cls_9 	0.01	40	5	1	1	0	0	0
naju_nongeup	265	 cls_9 	0.28	640	55.2943	2.9091	1.2788	0	0	0
naju_nongeup	266	 cls_9 	95.27	15260	556.5358	3.8929	1.198	84.7	1	88.9052
naju_nongeup	269	 cls_9 	702.54	108620	1778.6675	10.2279	1.2952	624.68	3	88.9174
naju_nongeup	271	 cls_9 	0.44	340	28.0541	1.2143	1.0591	0.22	1	50
naju_nongeup	273	 cls_9 	0.53	440	34.0132	1.4667	1.0963	0.28	1	52.8302
naju_nongeup	275	 cls_9 	0.01	40	5	1	1	0	0	0
naju_nongeup	276	 cls_9 	0.01	40	5	1	1	0	0	0
naju_nongeup	277	 cls_9 	0.01	40	5	1	1	0	0	0
naju_nongeup	278	 cls_9 	1.67	840	66.4162	1.6154	1.0999	1.09	1	65.2695
naju_nongeup	280	 cls_9 	2.88	980	77.1716	1.4412	1.0715	2.26	1	78.4722
naju_nongeup	286	 cls_9 	5.25	2120	120.6138	2.3043	1.1543	3.78	2	72
naju_nongeup	290	 cls_9 	0.52	360	28.4172	1.2	1.0518	0.29	1	55.7692
naju_nongeup	292	 cls_9 	0.12	260	25.3162	1.8571	1.1775	0	0	0
naju_nongeup	294	 cls_9 	0.3	280	22.9479	1.2727	1.0613	0.12	1	40
naju_nongeup	295	 cls_9 	0.02	60	5	1	1.0222	0	0	0
naju_nongeup	300	 cls_9 	0.74	440	34.3784	1.2222	1.0552	0.46	1	62.1622
naju_nongeup	308	 cls_9 	0.46	360	29.439	1.2857	1.0671	0.22	1	47.8261
naju_nongeup	310	 cls_9 	0.46	360	27.2202	1.2857	1.0671	0.26	1	56.5217
naju_nongeup	313	 cls_9 	0.01	40	5	1	1	0	0	0
naju_nongeup	314	 cls_9 	0.02	60	5	1	1.0222	0	0	0
naju_nongeup	319	 cls_9 	1.67	600	53.2521	1.1538	1.0307	1.21	1	72.4551
naju_nongeup	320	 cls_9 	4.91	1540	97.9462	1.7111	1.1023	3.81	1	77.5967
naju_nongeup	322	 cls_9 	1.65	1000	80.5947	1.9231	1.1371	0.89	1	53.9394
naju_nongeup	328	 cls_9 	2.09	740	57.8288	1.2759	1.0496	1.6	1	76.555
naju_nongeup	332	 cls_9 	0.78	460	35.2529	1.2778	1.0589	0.5	1	64.1026
naju_nongeup	333	 cls_9 	2.48	860	64.4821	1.3438	1.0615	1.89	1	76.2097
naju_nongeup	334	 cls_9 	0.12	200	19.4084	1.4286	1.1035	0	0	0
naju_nongeup	336	 cls_9 	0.76	580	40.2355	1.6111	1.1139	0.38	1	50
naju_nongeup	339	 cls_9 	4.64	1420	125.1042	1.6136	1.093	3.6	1	77.5862
naju_nongeup	340	 cls_9 	3.16	960	76.726	1.3333	1.0579	2.53	1	80.0633
naju_nongeup	342	 cls_9 	1.85	1220	67.5786	2.1786	1.1644	1.07	1	57.8378
naju_nongeup	344	 cls_9 	1.88	1200	75.8739	2.1429	1.1591	1.12	1	59.5745
naju_nongeup	345	 cls_9 	0.02	60	5	1	1.0222	0	0	0
naju_nongeup	346	 cls_9 	4.91	1400	96.8017	1.5556	1.0846	4	1	81.4664
naju_nongeup	349	 cls_9 	0.88	560	40.1958	1.4737	1.0882	0.49	1	55.6818
naju_nongeup	350	 cls_9 	1.91	880	65.6809	1.5714	1.0943	1.33	1	69.6335
naju_nongeup	354	 cls_9 	0.81	440	35.3809	1.2222	1.0446	0.52	1	64.1975
naju_nongeup	355	 cls_9 	0.84	540	43.0508	1.4211	1.0857	0.51	1	60.7143
naju_nongeup	356	 cls_9 	4.86	1640	105.5636	1.8222	1.115	3.77	1	77.572
naju_nongeup	358	 cls_9 	2.27	1040	72.8822	1.6774	1.1088	1.57	1	69.163
naju_nongeup	359	 cls_9 	3.86	1480	104.4809	1.85	1.1199	2.91	1	75.3886
naju_nongeup	362	 cls_9 	0.74	580	49.6966	1.6111	1.1172	0.37	1	50
naju_nongeup	367	 cls_9 	3.15	1060	79.6993	1.4722	1.0774	2.43	1	77.1429
naju_nongeup	368	 cls_9 	1.62	700	53.5264	1.3462	1.0657	1.18	1	72.8395
naju_nongeup	373	 cls_9 	0.38	420	32.9984	1.6154	1.1292	0.12	2	31.5789
naju_nongeup	375	 cls_9 	1.16	760	73.5675	1.7273	1.1213	0.59	1	50.8621
naju_nongeup	376	 cls_9 	1.19	520	43.0056	1.1818	1.0374	0.84	1	70.5882
naju_nongeup	377	 cls_9 	1.48	660	51.9185	1.32	1.0635	1.06	1	71.6216
naju_nongeup	386	 cls_9 	0.56	500	38.0881	1.6667	1.1189	0.23	1	41.0714
naju_nongeup	390	 cls_9 	0.49	400	30.4245	1.4286	1.084	0.25	1	51.0204
naju_nongeup	395	 cls_9 	3.77	1340	106.1386	1.7179	1.1035	2.93	1	77.7188
naju_nongeup	400	 cls_9 	0.66	700	64.0438	2.0588	1.1745	0.16	4	24.2424
naju_nongeup	401	 cls_9 	0.57	340	28.4741	1.0625	1.0274	0.35	1	61.4035
naju_nongeup	406	 cls_9 	0.84	420	36.2594	1.1053	1.0301	0.54	1	64.2857
naju_nongeup	417	 cls_9 	43.95	10160	363.9781	3.8195	1.2068	36.96	1	84.0956
naju_nongeup	418	 cls_9 	10.74	3080	157.6344	2.3333	1.1475	8.7	2	81.0056
naju_nongeup	419	 cls_9 	1.34	580	44.9766	1.2083	1.0474	0.96	1	71.6418
naju_nongeup	420	 cls_9 	1.95	820	60.5632	1.4643	1.0777	1.38	1	70.7692
naju_nongeup	421	 cls_9 	2.77	860	65.9635	1.2647	1.0501	2.18	1	78.7004
naju_nongeup	426	 cls_9 	4.04	1560	92.7643	1.9024	1.125	2.98	1	73.7624
naju_nongeup	427	 cls_9 	16.06	3940	188.4387	2.4321	1.1501	13.32	1	82.939
naju_nongeup	436	 cls_9 	1.16	700	52.5671	1.5909	1.1037	0.68	1	58.6207
naju_nongeup	437	 cls_9 	1.66	820	70.4235	1.5769	1.0956	1.11	1	66.8675
naju_nongeup	438	 cls_9 	28.69	7160	320.9135	3.3148	1.192	23.7	1	82.6072
naju_nongeup	441	 cls_9 	51.51	13320	366.9316	4.625	1.2334	42.19	3	81.9064
naju_nongeup	442	 cls_9 	21.52	6400	275.2786	3.4409	1.2017	17.18	1	79.8327
naju_nongeup	445	 cls_9 	0.74	440	34.4712	1.2222	1.0552	0.45	1	60.8108
naju_nongeup	447	 cls_9 	22.8	6540	299.6194	3.4062	1.1995	18.18	2	79.7368
naju_nongeup	449	 cls_9 	3.41	2180	184.1539	2.9459	1.2074	1.97	4	57.7713
naju_nongeup	451	 cls_9 	2.77	1020	71.9213	1.5	1.0834	2.07	1	74.7292
naju_nongeup	454	 cls_9 	1.21	740	57.7154	1.6818	1.1106	0.75	1	61.9835
naju_nongeup	458	 cls_9 	3.21	1180	91.1199	1.6389	1.0961	2.44	1	76.0125
naju_nongeup	462	 cls_9 	2.47	820	64.2847	1.2812	1.0525	1.92	1	77.7328
naju_nongeup	463	 cls_9 	3.17	1060	74.7305	1.4722	1.0767	2.51	1	79.1798
naju_nongeup	464	 cls_9 	8.13	2380	181.9446	2.0517	1.1301	6.5	1	79.9508
naju_nongeup	465	 cls_9 	18.09	3000	188.2381	1.7442	1.0937	16.1	1	88.9994
naju_nongeup	466	 cls_9 	0.06	140	10.6475	1.4	1.1116	0	0	0
naju_nongeup	469	 cls_9 	0.98	460	38.7684	1.15	1.0326	0.64	1	65.3061
naju_nongeup	471	 cls_9 	2.58	1540	136.0649	2.3333	1.1721	1.59	1	61.6279
naju_nongeup	472	 cls_9 	0.38	500	47.6674	1.9231	1.1715	0.03	2	7.8947
naju_nongeup	473	 cls_9 	6.43	2780	201.2779	2.7255	1.1821	4.59	2	71.3841
naju_nongeup	474	 cls_9 	21.6	7060	283.4137	3.7957	1.2173	16.65	1	77.0833
naju_nongeup	477	 cls_9 	152.18	20720	731.1572	4.1943	1.2016	137.79	1	90.5441
naju_nongeup	479	 cls_9 	0.48	360	29.7617	1.2857	1.0617	0.24	1	50
naju_nongeup	480	 cls_9 	0.04	120	11.4412	1.5	1.1353	0	0	0
naju_nongeup	481	 cls_9 	0.01	40	5	1	1	0	0	0
naju_nongeup	483	 cls_9 	0.13	300	26.1005	1.875	1.2043	0	0	0
naju_nongeup	484	 cls_9 	0.01	40	5	1	1	0	0	0
naju_nongeup	485	 cls_9 	0.93	660	57.3181	1.65	1.1175	0.43	2	46.2366
naju_nongeup	486	 cls_9 	1.17	980	58.4693	2.2273	1.1746	0.54	1	46.1538
naju_nongeup	487	 cls_9 	1.41	600	49.1649	1.25	1.0489	0.99	1	70.2128
naju_nongeup	488	 cls_9 	0.09	200	22.2222	1.6667	1.1502	0	0	0
naju_nongeup	490	 cls_9 	0.01	40	5	1	1	0	0	0
naju_nongeup	491	 cls_9 	0.05	140	11.086	1.4	1.1442	0	0	0
naju_nongeup	492	 cls_9 	0.01	40	5	1	1	0	0	0
naju_nongeup	493	 cls_9 	0.98	520	38.4857	1.3	1.0593	0.67	1	68.3673
naju_nongeup	494	 cls_9 	0.07	140	11.9757	1.1667	1.0854	0	0	0
naju_nongeup	496	 cls_9 	0.05	120	10.2951	1.2	1.0946	0	0	0
naju_nongeup	498	 cls_9 	2.83	1060	72.8987	1.5588	1.0887	2.11	1	74.5583
naju_nongeup	499	 cls_9 	0.01	40	5	1	1	0	0	0
naju_nongeup	500	 cls_9 	5.82	1700	134.0132	1.7347	1.1032	4.58	1	78.6942
naju_nongeup	502	 cls_9 	0.03	120	9.4281	1.5	1.1926	0	0	0
naju_nongeup	503	 cls_9 	3.34	1140	91.23	1.5405	1.0853	2.57	1	76.9461
naju_nongeup	505	 cls_9 	0.01	40	5	1	1	0	0	0
naju_nongeup	508	 cls_9 	0.02	80	7.0711	1.3333	1.1308	0	0	0
naju_nongeup	509	 cls_9 	1.34	600	45.0348	1.25	1.0545	0.98	1	73.1343
naju_nongeup	510	 cls_9 	2.15	780	58.5973	1.3	1.0572	1.64	1	76.2791
naju_nongeup	511	 cls_9 	0.02	80	7.0711	1.3333	1.1308	0	0	0
naju_nongeup	512	 cls_9 	367.27	44160	1016.5889	5.75	1.2317	336.4	1	91.5947
naju_nongeup	515	 cls_9 	5.1	2340	153.9973	2.5435	1.1756	3.56	3	69.8039
naju_nongeup	516	 cls_9 	2.5	1300	111.5642	2.0312	1.1423	1.63	1	65.2
naju_nongeup	518	 cls_9 	0.09	220	18.0678	1.8333	1.1782	0	0	0
naju_nongeup	519	 cls_9 	0.1	220	17.7326	1.5714	1.1602	0	0	0
naju_nongeup	521	 cls_9 	0.01	40	5	1	1	0	0	0
naju_nongeup	525	 cls_9 	3.61	1500	105.6488	1.9737	1.1296	2.54	1	70.3601
naju_nongeup	526	 cls_9 	1.46	840	66.7561	1.68	1.1153	0.96	1	65.7534
naju_nongeup	528	 cls_9 	13.57	4360	259.7686	2.9459	1.1836	10.58	1	77.9661
naju_nongeup	529	 cls_9 	3.53	1240	100.2672	1.6316	1.0956	2.65	1	75.0708
naju_nongeup	539	 cls_9 	1.45	640	48.9682	1.28	1.0593	1.04	1	71.7241
naju_nongeup	540	 cls_9 	0.82	620	51.7798	1.6316	1.1193	0.42	1	51.2195
naju_nongeup	541	 cls_9 	0.58	380	30.8068	1.1875	1.051	0.33	1	56.8966
naju_nongeup	543	 cls_9 	1.07	560	42.8364	1.3333	1.0652	0.71	1	66.3551
naju_nongeup	546	 cls_9 	2.8	1380	124.0428	2.0294	1.1413	1.86	1	66.4286
naju_nongeup	549	 cls_9 	6.73	1940	170.499	1.8654	1.1126	5.26	1	78.1575
naju_nongeup	555	 cls_9 	0.83	520	45.061	1.3684	1.0788	0.45	1	54.2169
naju_nongeup	557	 cls_9 	189.38	26080	673.461	4.7246	1.2152	170.34	1	89.9461
naju_nongeup	558	 cls_9 	4.29	1480	104.7083	1.7619	1.1088	3.29	1	76.69
naju_nongeup	559	 cls_9 	0.93	960	72.7907	2.4	1.1996	0.34	2	36.5591
naju_nongeup	560	 cls_9 	0.69	480	38.5351	1.4118	1.0832	0.4	1	57.971
naju_nongeup	565	 cls_9 	2.51	840	68.1534	1.3125	1.0556	1.94	1	77.2908
naju_nongeup	566	 cls_9 	0.35	320	23.2101	1.3333	1.074	0.15	1	42.8571
naju_nongeup	568	 cls_9 	0.64	440	36.1906	1.375	1.0727	0.34	1	53.125
naju_nongeup	569	 cls_9 	0.57	800	76.7582	2.5	1.2253	0	0	0
naju_nongeup	570	 cls_9 	1.73	1080	88.6725	2	1.1474	1.06	1	61.2717
naju_nongeup	572	 cls_9 	0.15	320	26.6616	2	1.1984	0	0	0
naju_nongeup	573	 cls_9 	3.34	1340	108.0002	1.8108	1.1164	2.5	1	74.8503
naju_nongeup	578	 cls_9 	0.08	160	12.6961	1.3333	1.1037	0	0	0
naju_nongeup	580	 cls_9 	0.97	720	47.7427	1.8	1.1314	0.6	1	61.8557
naju_nongeup	587	 cls_9 	0.01	40	5	1	1	0	0	0
naju_nongeup	588	 cls_9 	0.01	40	5	1	1	0	0	0
naju_nongeup	589	 cls_9 	0.15	240	19.5681	1.5	1.1197	0.02	1	13.3333
naju_nongeup	590	 cls_9 	0.01	40	5	1	1	0	0	0
naju_nongeup	591	 cls_9 	0.01	40	5	1	1	0	0	0
naju_nongeup	592	 cls_9 	18.18	3140	180.7101	1.8256	1.1008	16.03	1	88.1738
naju_nongeup	593	 cls_9 	7.29	1720	134.5404	1.5926	1.0831	6.07	1	83.2647
naju_nongeup	3	 cls_1 	5.98	2280	166.8081	2.3265	1.1539	4.45	1	74.4147
naju_nongeup	5	 cls_1 	2729.8	287240	2981.0472	13.7435	1.3061	2526.84	14	92.565
naju_nongeup	7	 cls_1 	27.08	9640	613.0215	4.5905	1.2451	19.87	7	73.3752
naju_nongeup	9	 cls_1 	0.15	220	16.3507	1.375	1.0959	0.03	1	20
naju_nongeup	11	 cls_1 	0.08	140	11.9677	1.1667	1.0637	0	0	0
naju_nongeup	12	 cls_1 	14.76	4060	243.9389	2.6364	1.1632	11.99	1	81.2331
naju_nongeup	16	 cls_1 	56.52	14740	463.0623	4.8808	1.24	46.41	1	82.1125
naju_nongeup	19	 cls_1 	70.75	16020	402.5727	4.7396	1.2317	59.55	3	84.1696
naju_nongeup	20	 cls_1 	0.4	380	27.8146	1.4615	1.0981	0.16	1	40
naju_nongeup	21	 cls_1 	0.07	140	11.9757	1.1667	1.0854	0	0	0
naju_nongeup	22	 cls_1 	3.49	1120	88.0435	1.4737	1.0774	2.66	1	76.2178
naju_nongeup	23	 cls_1 	10.3	3060	167.7574	2.3538	1.1505	8.07	1	78.3495
naju_nongeup	24	 cls_1 	2642.44	270860	3207.3106	13.1613	1.3017	2450.99	20	92.7548
naju_nongeup	25	 cls_1 	1.18	1020	84.7853	2.3182	1.182	0.52	2	44.0678
naju_nongeup	27	 cls_1 	0.28	360	29.9477	1.6364	1.1338	0.06	2	21.4286
naju_nongeup	29	 cls_1 	1.32	960	55.4573	2.087	1.1553	0.73	2	55.303
naju_nongeup	30	 cls_1 	67.11	14160	878.2735	4.3171	1.2182	56.19	2	83.7282
naju_nongeup	31	 cls_1 	0.35	320	24.6257	1.3333	1.074	0.17	1	48.5714
naju_nongeup	34	 cls_1 	3.45	1220	107.8501	1.6053	1.0949	2.48	1	71.8841
naju_nongeup	36	 cls_1 	1.88	880	72.7887	1.5714	1.0961	1.22	1	64.8936
naju_nongeup	37	 cls_1 	12.13	4740	251.515	3.3857	1.2092	8.77	1	72.3001
naju_nongeup	40	 cls_1 	2.01	800	66.7151	1.3793	1.0695	1.44	1	71.6418
naju_nongeup	41	 cls_1 	1.95	1140	92.8872	2.0357	1.1444	1.09	2	55.8974
naju_nongeup	42	 cls_1 	2.28	1180	93.8739	1.9032	1.1335	1.5	1	65.7895
naju_nongeup	45	 cls_1 	33.06	10880	510.9602	4.7304	1.2446	25.4	2	76.83
naju_nongeup	46	 cls_1 	0.8	660	58.286	1.8333	1.1363	0.34	1	42.5
naju_nongeup	47	 cls_1 	0.45	400	34.9635	1.4286	1.0949	0.18	1	40
naju_nongeup	48	 cls_1 	0.01	40	5	1	1	0	0	0
naju_nongeup	51	 cls_1 	0.29	280	21.1204	1.2727	1.0658	0.12	1	41.3793
naju_nongeup	52	 cls_1 	2.29	1100	75.6953	1.7742	1.119	1.58	1	68.9956
naju_nongeup	53	 cls_1 	6.76	2600	177.8813	2.5	1.1648	4.77	2	70.5621
naju_nongeup	54	 cls_1 	1.98	820	59.7831	1.4138	1.0761	1.38	1	69.697
naju_nongeup	55	 cls_1 	40.89	9720	382.2507	3.7969	1.2066	33.8	1	82.6608
naju_nongeup	56	 cls_1 	251.19	38140	982.8274	6.0158	1.2435	224.46	10	89.3587
naju_nongeup	59	 cls_1 	0.86	480	40.3237	1.2632	1.0569	0.52	1	60.4651
naju_nongeup	60	 cls_1 	1.39	860	72.6491	1.7917	1.126	0.77	1	55.3957
naju_nongeup	62	 cls_1 	0.42	320	27.3079	1.2308	1.0505	0.19	1	45.2381
naju_nongeup	63	 cls_1 	11.3	4280	247.707	3.1471	1.199	8.1	3	71.6814
naju_nongeup	64	 cls_1 	0.26	300	23.6524	1.3636	1.0981	0.09	1	34.6154
naju_nongeup	65	 cls_1 	1.55	1000	80.3153	2	1.1445	0.91	1	58.7097
naju_nongeup	67	 cls_1 	34.89	9680	528.1863	4.0672	1.221	27.59	1	79.0771
naju_nongeup	68	 cls_1 	1.2	840	73.6969	1.9091	1.1386	0.66	1	55
naju_nongeup	69	 cls_1 	0.02	80	7.0711	1.3333	1.1308	0	0	0
naju_nongeup	70	 cls_1 	0.08	160	14.3313	1.3333	1.1037	0	0	0
naju_nongeup	71	 cls_1 	0.74	560	48.4646	1.5556	1.1093	0.34	1	45.9459
naju_nongeup	73	 cls_1 	0.67	600	54.1002	1.7647	1.1375	0.23	1	34.3284
naju_nongeup	74	 cls_1 	0.21	400	37.2649	2	1.204	0	0	0
naju_nongeup	75	 cls_1 	0.02	60	5	1	1.0222	0	0	0
naju_nongeup	76	 cls_1 	6.66	3660	209.1101	3.5192	1.2279	4.18	1	62.7628
naju_nongeup	77	 cls_1 	0.85	560	44.1792	1.4737	1.0923	0.5	1	58.8235
naju_nongeup	78	 cls_1 	0.07	160	12.8915	1.3333	1.1262	0	0	0
naju_nongeup	79	 cls_1 	0.01	40	5	1	1	0	0	0
naju_nongeup	80	 cls_1 	9.44	4360	221.5947	3.5161	1.2211	6.42	1	68.0085
naju_nongeup	86	 cls_1 	1.45	920	69.8964	1.84	1.1351	0.89	1	61.3793
naju_nongeup	87	 cls_1 	0.69	580	44.1502	1.7059	1.126	0.3	1	43.4783
naju_nongeup	88	 cls_1 	22.43	5180	382.4048	2.7263	1.1633	18.65	1	83.1476
naju_nongeup	89	 cls_1 	1.7	900	57.7388	1.6667	1.112	1.09	1	64.1176
naju_nongeup	92	 cls_1 	0.31	580	49.1716	2.4167	1.2381	0	0	0
naju_nongeup	93	 cls_1 	1.98	860	66.1905	1.4828	1.0857	1.43	1	72.2222
naju_nongeup	94	 cls_1 	2.45	1540	125.8876	2.4062	1.1781	1.53	1	62.449
naju_nongeup	97	 cls_1 	0.25	400	29.8142	2	1.1772	0.05	1	20
naju_nongeup	98	 cls_1 	0.01	40	5	1	1	0	0	0
naju_nongeup	100	 cls_1 	0.02	60	5	1	1.0222	0	0	0
naju_nongeup	101	 cls_1 	0.01	40	5	1	1	0	0	0
naju_nongeup	103	 cls_1 	52.06	4560	293.6993	1.5724	1.0695	48.74	1	93.6227
naju_nongeup	104	 cls_1 	19.79	5940	342.6391	3.3371	1.1977	15.7	2	79.333
naju_nongeup	106	 cls_1 	0.27	300	24.5465	1.3636	1.0929	0.08	1	29.6296
naju_nongeup	107	 cls_1 	2.24	1380	103.3619	2.3	1.1667	1.27	1	56.6964
naju_nongeup	108	 cls_1 	0.49	320	26.6696	1.1429	1.0314	0.28	1	57.1429
naju_nongeup	110	 cls_1 	16.08	4420	322.161	2.7284	1.1691	12.86	1	79.9751
naju_nongeup	111	 cls_1 	3.21	1640	122.2792	2.2778	1.1596	2.09	1	65.109
naju_nongeup	112	 cls_1 	3.63	1940	121.9524	2.4872	1.178	2.51	2	69.146
naju_nongeup	113	 cls_1 	0.59	520	40.8513	1.625	1.1212	0.27	1	45.7627
naju_nongeup	118	 cls_1 	4.63	1200	94.4608	1.3636	1.0619	3.71	1	80.1296
naju_nongeup	119	 cls_1 	0.69	520	40.7607	1.5294	1.1013	0.31	1	44.9275
naju_nongeup	121	 cls_1 	1.47	1000	75.5063	2	1.1508	0.81	2	55.102
naju_nongeup	122	 cls_1 	2.25	1180	91.4229	1.9667	1.135	1.56	1	69.3333
naju_nongeup	123	 cls_1 	1.98	1200	92.2948	2.069	1.153	1.15	2	58.0808
naju_nongeup	124	 cls_1 	0.01	40	5	1	1	0	0	0
naju_nongeup	126	 cls_1 	5408.39	599880	4156.709	20.3902	1.3387	4984.35	37	92.1596
naju_nongeup	128	 cls_1 	0.01	40	5	1	1	0	0	0
naju_nongeup	129	 cls_1 	4.12	1240	94.9077	1.5122	1.0797	3.26	1	79.1262
naju_nongeup	130	 cls_1 	2.77	1940	154.4881	2.8529	1.2091	1.66	1	59.9278
naju_nongeup	131	 cls_1 	66.39	15140	1284.6988	4.6442	1.2291	55.73	1	83.9434
naju_nongeup	132	 cls_1 	4.65	1560	132.9776	1.7727	1.1103	3.46	1	74.4086
naju_nongeup	133	 cls_1 	2.99	1640	85.9713	2.3429	1.1675	1.9	2	63.5452
naju_nongeup	134	 cls_1 	3.52	1700	119.0545	2.2368	1.1562	2.4	1	68.1818
naju_nongeup	135	 cls_1 	0.07	180	14.4966	1.5	1.1621	0	0	0
naju_nongeup	136	 cls_1 	3.65	2020	133.384	2.5897	1.1851	2.31	2	63.2877
naju_nongeup	137	 cls_1 	0.09	140	11.8001	1.1667	1.0453	0.01	1	11.1111
naju_nongeup	138	 cls_1 	2.47	1080	75.9743	1.6875	1.107	1.77	1	71.6599
naju_nongeup	140	 cls_1 	0.97	440	37.3089	1.1	1.0241	0.66	1	68.0412
naju_nongeup	141	 cls_1 	4.11	2100	119.3416	2.561	1.1791	2.72	1	66.18
naju_nongeup	144	 cls_1 	1.65	1140	97.3625	2.1923	1.1641	0.71	2	43.0303
naju_nongeup	145	 cls_1 	1360.78	125700	1784.4143	8.5163	1.2608	1271.75	20	93.4574
naju_nongeup	146	 cls_1 	118.06	18060	1019.7584	4.1422	1.2038	105.38	1	89.2597
naju_nongeup	148	 cls_1 	1.16	680	56.1984	1.5455	1.0975	0.68	1	58.6207
naju_nongeup	149	 cls_1 	12.53	2800	196.0488	1.9718	1.1162	10.6	1	84.597
naju_nongeup	150	 cls_1 	2.3	920	67.6839	1.4839	1.0829	1.71	1	74.3478
naju_nongeup	151	 cls_1 	9.49	2600	163.622	2.0968	1.1303	7.64	1	80.5058
naju_nongeup	152	 cls_1 	0.02	80	7.0711	1.3333	1.1308	0	0	0
naju_nongeup	153	 cls_1 	0.03	120	9.4281	1.5	1.1926	0	0	0
naju_nongeup	154	 cls_1 	0.96	620	47.4324	1.55	1.1	0.53	1	55.2083
naju_nongeup	158	 cls_1 	9.92	3220	233.2886	2.5556	1.1631	7.67	1	77.3185
naju_nongeup	159	 cls_1 	1.35	760	56.8435	1.5833	1.1034	0.81	1	60
naju_nongeup	161	 cls_1 	7.75	2280	160.9564	2.0357	1.1273	6.05	1	78.0645
naju_nongeup	162	 cls_1 	4.04	1960	108.078	2.3902	1.168	2.63	3	65.099
naju_nongeup	164	 cls_1 	0.02	80	7.0711	1.3333	1.1308	0	0	0
naju_nongeup	165	 cls_1 	0.54	400	29.1871	1.3333	1.0717	0.3	1	55.5556
naju_nongeup	166	 cls_1 	3.19	1480	106.7381	2.0556	1.1405	2.18	1	68.3386
naju_nongeup	167	 cls_1 	0.72	480	43.1971	1.4118	1.078	0.38	1	52.7778
naju_nongeup	168	 cls_1 	34.74	6100	285.242	2.5847	1.149	30.52	1	87.8526
naju_nongeup	169	 cls_1 	27.03	4680	268.8212	2.25	1.1297	23.68	2	87.6064
naju_nongeup	174	 cls_1 	240.25	49500	1208.5846	7.9839	1.2828	205	4	85.3278
naju_nongeup	176	 cls_1 	1.42	600	46.2494	1.25	1.0481	1.03	1	72.5352
naju_nongeup	177	 cls_1 	31.01	6620	268.0971	2.9554	1.1723	26.42	3	85.1983
naju_nongeup	178	 cls_1 	0.94	660	51.1478	1.65	1.1162	0.51	1	54.2553
naju_nongeup	184	 cls_1 	0.52	380	30.8244	1.2667	1.0644	0.29	1	55.7692
naju_nongeup	186	 cls_1 	0.57	500	37.4967	1.5625	1.1166	0.23	2	40.3509
naju_nongeup	189	 cls_1 	37.96	6520	388.5767	2.629	1.1515	33.31	1	87.7503
naju_nongeup	190	 cls_1 	0.66	380	31.66	1.1176	1.0356	0.4	1	60.6061
naju_nongeup	193	 cls_1 	17.75	4040	312.5472	2.3765	1.1447	14.8	1	83.3803
naju_nongeup	195	 cls_1 	0.57	560	51.4081	1.75	1.1428	0.17	3	29.8246
naju_nongeup	196	 cls_1 	4.41	2040	140.2808	2.4286	1.1659	3.01	4	68.254
naju_nongeup	197	 cls_1 	3.41	2100	134.0713	2.8378	1.2002	1.89	3	55.4252
naju_nongeup	198	 cls_1 	19.09	5800	295.0917	3.2955	1.1973	14.85	1	77.7894
naju_nongeup	202	 cls_1 	17.95	5540	317.2034	3.2588	1.1958	13.98	3	77.883
naju_nongeup	203	 cls_1 	0.84	680	52.8356	1.7895	1.1367	0.43	1	51.1905
naju_nongeup	204	 cls_1 	0.32	340	24.5792	1.4167	1.1009	0.12	1	37.5
naju_nongeup	206	 cls_1 	1.14	800	63.6533	1.8182	1.1344	0.56	1	49.1228
naju_nongeup	208	 cls_1 	79.03	12580	495.4665	3.5337	1.1861	70.44	1	89.1307
naju_nongeup	210	 cls_1 	0.01	40	5	1	1	0	0	0
naju_nongeup	211	 cls_1 	0.02	60	5	1	1.0222	0	0	0
naju_nongeup	212	 cls_1 	4.03	1920	117.6496	2.3415	1.1644	2.63	2	65.2605
naju_nongeup	213	 cls_1 	12.57	3540	240.5242	2.493	1.1558	10.26	1	81.6229
naju_nongeup	215	 cls_1 	0.91	680	55.77	1.7	1.1268	0.5	1	54.9451
naju_nongeup	217	 cls_1 	1.35	660	47.9779	1.375	1.0738	0.94	1	69.6296
naju_nongeup	219	 cls_1 	0.62	540	40.1592	1.6875	1.1235	0.3	1	48.3871
naju_nongeup	220	 cls_1 	8.56	2620	142.9408	2.2203	1.1419	6.79	3	79.3224
naju_nongeup	222	 cls_1 	0.01	40	5	1	1	0	0	0
naju_nongeup	223	 cls_1 	1.64	1340	77.6563	2.5769	1.1982	0.69	3	42.0732
naju_nongeup	229	 cls_1 	0.55	340	28.7292	1.1333	1.0317	0.31	1	56.3636
naju_nongeup	230	 cls_1 	0.41	340	27.064	1.3077	1.0681	0.18	1	43.9024
naju_nongeup	231	 cls_1 	0.51	400	31.5939	1.3333	1.0789	0.25	1	49.0196
naju_nongeup	232	 cls_1 	876.6	130400	2105.5782	10.9949	1.3001	786.24	7	89.692
naju_nongeup	233	 cls_1 	52.34	12420	421.056	4.2828	1.2212	43.54	2	83.1869
naju_nongeup	234	 cls_1 	4.78	1820	99.6529	2.0682	1.136	3.57	2	74.6862
naju_nongeup	235	 cls_1 	1.52	680	52.0363	1.36	1.0667	1.06	1	69.7368
naju_nongeup	236	 cls_1 	14.22	2700	188.1229	1.7763	1.0981	12.43	1	87.4121
naju_nongeup	238	 cls_1 	1.51	1020	73.5987	2.04	1.1517	0.84	1	55.6291
naju_nongeup	239	 cls_1 	0.94	660	53.0122	1.65	1.1162	0.51	1	54.2553
naju_nongeup	240	 cls_1 	1.2	840	52.5147	1.9091	1.1386	0.63	1	52.5
naju_nongeup	241	 cls_1 	1.82	1220	81.0256	2.2593	1.1663	0.93	1	51.0989
naju_nongeup	242	 cls_1 	1.62	1220	110.3526	2.3462	1.1803	0.89	2	54.9383
naju_nongeup	243	 cls_1 	0.72	480	35.6598	1.4118	1.078	0.39	1	54.1667
naju_nongeup	244	 cls_1 	95.27	10760	668.9823	2.7449	1.1473	87.8	1	92.1591
naju_nongeup	245	 cls_1 	83.97	7100	385.7089	1.9293	1.0969	79.02	1	94.105
naju_nongeup	247	 cls_1 	137.06	35820	819.5065	7.6213	1.288	112.42	6	82.0225
naju_nongeup	248	 cls_1 	0.01	40	5	1	1	0	0	0
naju_nongeup	249	 cls_1 	0.02	80	7.0711	1.3333	1.1308	0	0	0
naju_nongeup	250	 cls_1 	0.41	420	32.8162	1.6154	1.1189	0.15	2	36.5854
naju_nongeup	251	 cls_1 	18.33	5900	408.4239	3.4302	1.2041	14.09	2	76.8685
naju_nongeup	253	 cls_1 	1.69	760	57.8976	1.4615	1.078	1.18	1	69.8225
naju_nongeup	254	 cls_1 	0.52	340	30.8359	1.1333	1.0384	0.27	1	51.9231
naju_nongeup	255	 cls_1 	2.68	1420	79.7559	2.1515	1.1518	1.75	1	65.2985
naju_nongeup	257	 cls_1 	0.27	300	22.7228	1.3636	1.0929	0.09	1	33.3333
naju_nongeup	260	 cls_1 	11.83	3600	299.4215	2.6087	1.1647	9.29	1	78.5292
naju_nongeup	263	 cls_1 	1.07	520	41.4584	1.2381	1.0493	0.68	1	63.5514
naju_nongeup	267	 cls_1 	0.94	620	54.4795	1.55	1.1026	0.5	1	53.1915
naju_nongeup	268	 cls_1 	0.84	500	41.2327	1.3158	1.0687	0.51	1	60.7143
naju_nongeup	270	 cls_1 	0.4	300	24.6084	1.1538	1.0411	0.22	1	55
naju_nongeup	272	 cls_1 	0.15	180	15.7935	1.125	1.041	0.03	1	20
naju_nongeup	274	 cls_1 	2.79	1140	99.2709	1.6765	1.1044	1.93	1	69.1756
naju_nongeup	279	 cls_1 	1.07	640	48.0112	1.5238	1.094	0.62	1	57.9439
naju_nongeup	281	 cls_1 	11.41	3580	170.0429	2.6324	1.1674	8.91	1	78.0894
naju_nongeup	282	 cls_1 	0.62	580	50.9609	1.8125	1.1398	0.27	2	43.5484
naju_nongeup	283	 cls_1 	1.7	900	66.0928	1.6667	1.112	1.1	1	64.7059
naju_nongeup	284	 cls_1 	45.73	13180	402.9333	4.8456	1.243	36.41	5	79.6195
naju_nongeup	285	 cls_1 	2.26	1400	100.8998	2.2581	1.1686	1.33	5	58.8496
naju_nongeup	287	 cls_1 	16.23	5500	278.4935	3.3951	1.2046	12.38	1	76.2785
naju_nongeup	288	 cls_1 	306.11	31640	869.7324	4.52	1.2021	283.84	3	92.7248
naju_nongeup	289	 cls_1 	0.58	500	45.1233	1.5625	1.1144	0.21	1	36.2069
naju_nongeup	291	 cls_1 	6.53	1920	152.3039	1.8462	1.1137	5.19	1	79.4793
naju_nongeup	293	 cls_1 	482.42	48980	1337.4768	5.5659	1.2233	448.41	3	92.9501
naju_nongeup	296	 cls_1 	0.69	440	35.3218	1.2941	1.0635	0.38	1	55.0725
naju_nongeup	297	 cls_1 	0.75	880	78.2733	2.4444	1.209	0.23	3	30.6667
naju_nongeup	298	 cls_1 	1.15	780	65.1297	1.7727	1.1279	0.65	1	56.5217
naju_nongeup	299	 cls_1 	1.59	980	80.7317	1.8846	1.1373	0.93	1	58.4906
naju_nongeup	301	 cls_1 	0.68	760	59.8613	2.2353	1.1892	0.26	1	38.2353
naju_nongeup	302	 cls_1 	0.54	440	34.5381	1.4667	1.0939	0.27	1	50
naju_nongeup	303	 cls_1 	981.54	134400	1735.4045	10.7177	1.2947	886.41	7	90.3081
naju_nongeup	304	 cls_1 	3.81	1780	148.926	2.225	1.1563	2.49	2	65.3543
naju_nongeup	305	 cls_1 	10.61	2400	143.3155	1.8182	1.1056	8.91	1	83.9774
naju_nongeup	306	 cls_1 	34.76	3780	262.0701	1.6017	1.074	32.22	1	92.6928
naju_nongeup	307	 cls_1 	0.94	580	45.631	1.45	1.088	0.6	1	63.8298
naju_nongeup	309	 cls_1 	10.05	3140	156.0669	2.4531	1.1574	7.95	1	79.1045
naju_nongeup	311	 cls_1 	4.87	2160	156.8393	2.4	1.1658	3.3	1	67.7618
naju_nongeup	312	 cls_1 	4.47	2260	205.9342	2.6279	1.1836	2.89	2	64.6532
naju_nongeup	315	 cls_1 	8.68	3400	213.389	2.8814	1.1864	6.39	1	73.6175
naju_nongeup	316	 cls_1 	24.31	6380	322.2657	3.2222	1.1893	20.15	2	82.8877
naju_nongeup	317	 cls_1 	8.82	2140	139.4031	1.7833	1.1034	7.3	1	82.7664
naju_nongeup	318	 cls_1 	0.57	420	34.3673	1.3125	1.0763	0.29	1	50.8772
naju_nongeup	321	 cls_1 	1.64	1280	120.672	2.4615	1.1887	0.63	5	38.4146
naju_nongeup	323	 cls_1 	4.21	1240	84.7224	1.4762	1.0775	3.37	1	80.0475
naju_nongeup	324	 cls_1 	2.93	1620	104.8426	2.3143	1.1675	1.78	2	60.7509
naju_nongeup	325	 cls_1 	3.59	2120	146.0587	2.7895	1.1961	2.15	1	59.8886
naju_nongeup	326	 cls_1 	88.04	18280	536.8728	4.8617	1.2313	75.34	2	85.5747
naju_nongeup	327	 cls_1 	1.13	580	47.4996	1.3182	1.0665	0.72	1	63.7168
naju_nongeup	329	 cls_1 	0.08	200	15.0832	1.6667	1.1705	0	0	0
naju_nongeup	330	 cls_1 	0.67	480	39.405	1.4118	1.0868	0.34	1	50.7463
naju_nongeup	331	 cls_1 	0.66	540	36.1694	1.5882	1.1155	0.32	1	48.4848
naju_nongeup	335	 cls_1 	41.85	5460	386.9564	2.1	1.1154	37.83	1	90.3943
naju_nongeup	337	 cls_1 	5.95	2080	159.7299	2.1224	1.1377	4.56	1	76.6387
naju_nongeup	338	 cls_1 	3.19	1360	112.7127	1.8889	1.1242	2.32	1	72.7273
naju_nongeup	341	 cls_1 	0.68	360	32.3108	1.0588	1.0198	0.41	1	60.2941
naju_nongeup	343	 cls_1 	0.37	320	25.8937	1.2308	1.0667	0.17	1	45.9459
naju_nongeup	347	 cls_1 	1.15	560	42.2866	1.2727	1.057	0.77	1	66.9565
naju_nongeup	348	 cls_1 	50.55	6240	338.6847	2.1818	1.1197	46.21	1	91.4144
naju_nongeup	351	 cls_1 	52.28	13460	594.0817	4.6414	1.2336	42.71	2	81.6947
naju_nongeup	352	 cls_1 	2.37	960	75.7344	1.5484	1.0882	1.69	1	71.308
naju_nongeup	353	 cls_1 	11.47	6500	382.8892	4.7794	1.2692	6.87	8	59.8954
naju_nongeup	357	 cls_1 	2.43	1360	131.9062	2.125	1.1544	1.35	1	55.5556
naju_nongeup	360	 cls_1 	12.3	4080	210.3328	2.8732	1.1822	9.41	1	76.5041
naju_nongeup	361	 cls_1 	19.56	3100	229.4444	1.7416	1.0921	17.1	1	87.4233
naju_nongeup	363	 cls_1 	0.68	460	35.5545	1.3529	1.0754	0.37	1	54.4118
naju_nongeup	364	 cls_1 	2.98	1460	76.7687	2.0857	1.1454	1.99	1	66.7785
naju_nongeup	365	 cls_1 	0.94	600	47.4387	1.5	1.0954	0.55	1	58.5106
naju_nongeup	366	 cls_1 	3323	393560	3807.8442	17.0668	1.3276	3046.23	34	91.6711
naju_nongeup	369	 cls_1 	2.21	940	68.6421	1.5667	1.0916	1.57	1	71.0407
naju_nongeup	370	 cls_1 	1.93	1000	73.8619	1.7857	1.1191	1.24	1	64.2487
naju_nongeup	371	 cls_1 	5.39	2140	130.0999	2.2766	1.1533	3.93	1	72.9128
naju_nongeup	372	 cls_1 	52.79	10660	349.268	3.6507	1.1973	45.27	2	85.7549
naju_nongeup	374	 cls_1 	8.87	2540	136.9199	2.1167	1.1329	7.07	1	79.7069
naju_nongeup	378	 cls_1 	24.81	7720	294.211	3.86	1.2181	19.33	1	77.9121
naju_nongeup	379	 cls_1 	1.76	660	57.1736	1.2222	1.0446	1.26	1	71.5909
naju_nongeup	380	 cls_1 	1.96	1260	86.4332	2.25	1.1641	1.08	2	55.102
naju_nongeup	381	 cls_1 	0.78	720	45.8309	2	1.1589	0.31	1	39.7436
naju_nongeup	382	 cls_1 	0.53	400	29.2448	1.3333	1.074	0.28	1	52.8302
naju_nongeup	383	 cls_1 	17.81	4480	259.1462	2.6353	1.1615	14.76	5	82.8748
naju_nongeup	384	 cls_1 	0.29	280	23.4451	1.2727	1.0658	0.1	1	34.4828
naju_nongeup	385	 cls_1 	20.76	5060	304.6429	2.75	1.1668	17.41	1	83.8632
naju_nongeup	387	 cls_1 	1.24	720	52.5238	1.5652	1.1019	0.8	1	64.5161
naju_nongeup	388	 cls_1 	0.42	440	34.5254	1.6923	1.1268	0.15	2	35.7143
naju_nongeup	389	 cls_1 	2.26	1240	93.1578	2	1.1444	1.45	1	64.1593
naju_nongeup	391	 cls_1 	57.34	17640	489.8808	5.8026	1.2658	44.67	2	77.9037
naju_nongeup	392	 cls_1 	1.16	740	55.8121	1.6818	1.1156	0.64	1	55.1724
naju_nongeup	393	 cls_1 	1.66	1080	83.6094	2.0769	1.1523	0.95	1	57.2289
naju_nongeup	394	 cls_1 	1.88	1260	80.1658	2.25	1.169	1	3	53.1915
naju_nongeup	396	 cls_1 	1.77	1140	88.0064	2.1111	1.1558	1.07	1	60.452
naju_nongeup	397	 cls_1 	3.24	1700	107.7339	2.3611	1.1654	2.07	2	63.8889
naju_nongeup	398	 cls_1 	0.12	200	16.3855	1.4286	1.1035	0.01	1	8.3333
naju_nongeup	399	 cls_1 	20.28	6080	241.4334	3.3407	1.1991	16.1	1	79.3886
naju_nongeup	402	 cls_1 	0.49	340	26.9522	1.2143	1.0457	0.28	1	57.1429
naju_nongeup	403	 cls_1 	2.86	1600	111.773	2.3529	1.1678	1.9	1	66.4336
naju_nongeup	404	 cls_1 	10.13	2640	178.8164	2.0625	1.1266	8.34	1	82.3297
naju_nongeup	405	 cls_1 	0.57	400	30.0427	1.25	1.065	0.33	1	57.8947
naju_nongeup	407	 cls_1 	0.35	300	25.5162	1.25	1.0581	0.15	1	42.8571
naju_nongeup	408	 cls_1 	1.55	660	48.3155	1.32	1.0584	1.11	1	71.6129
naju_nongeup	409	 cls_1 	0.79	720	58.3047	2	1.1573	0.35	1	44.3038
naju_nongeup	410	 cls_1 	0.62	480	41.07	1.5	1.0965	0.27	1	43.5484
naju_nongeup	411	 cls_1 	15.52	5060	282.1167	3.2025	1.1952	11.96	1	77.0619
naju_nongeup	412	 cls_1 	0.89	760	59.592	2	1.154	0.49	1	55.0562
naju_nongeup	413	 cls_1 	180.44	39100	924.6158	7.2677	1.2755	153.39	3	85.0089
naju_nongeup	414	 cls_1 	7.44	2440	131.8357	2.2182	1.1435	5.77	1	77.5538
naju_nongeup	415	 cls_1 	10.51	3300	168.4521	2.5385	1.1616	8.15	1	77.5452
naju_nongeup	416	 cls_1 	4	1840	117.5549	2.3	1.1572	2.77	2	69.25
naju_nongeup	422	 cls_1 	0.48	420	34.3013	1.5	1.0981	0.2	1	41.6667
naju_nongeup	423	 cls_1 	6.27	2220	198.2836	2.1765	1.1441	4.56	1	72.7273
naju_nongeup	424	 cls_1 	0.36	340	24.0315	1.4167	1.0851	0.16	1	44.4444
naju_nongeup	425	 cls_1 	0.35	320	23.6022	1.3333	1.074	0.17	1	48.5714
naju_nongeup	428	 cls_1 	5.69	2280	150.8975	2.375	1.1591	4.05	1	71.1775
naju_nongeup	429	 cls_1 	0.57	380	31.3938	1.1875	1.0531	0.32	1	56.1404
naju_nongeup	430	 cls_1 	0.2	360	27.9634	2	1.184	0.02	1	10
naju_nongeup	431	 cls_1 	1.08	660	43.2121	1.5714	1.0996	0.68	1	62.963
naju_nongeup	432	 cls_1 	0.7	560	42.3596	1.6471	1.1163	0.35	1	50
naju_nongeup	433	 cls_1 	0.8	460	35.2998	1.2778	1.0559	0.52	1	65
naju_nongeup	434	 cls_1 	1.93	1000	90.7681	1.7857	1.1191	1.19	1	61.658
naju_nongeup	435	 cls_1 	3.71	1240	91.4077	1.5897	1.0905	2.89	1	77.8976
naju_nongeup	439	 cls_1 	4.38	1880	107.4122	2.2381	1.1514	3.02	1	68.9498
naju_nongeup	440	 cls_1 	5.81	2300	138.8992	2.3469	1.1585	4.18	1	71.9449
naju_nongeup	443	 cls_1 	0.49	420	34.0822	1.5	1.0954	0.21	1	42.8571
naju_nongeup	444	 cls_1 	68.4	14460	550.979	4.3554	1.2196	57.98	3	84.7661
naju_nongeup	446	 cls_1 	1.53	940	72.0404	1.88	1.1332	0.94	1	61.4379
naju_nongeup	448	 cls_1 	0.01	40	5	1	1	0	0	0
naju_nongeup	450	 cls_1 	0.01	40	5	1	1	0	0	0
naju_nongeup	452	 cls_1 	259.47	43700	1075.5234	6.7647	1.2592	228.75	10	88.1605
naju_nongeup	453	 cls_1 	0.53	400	30.3665	1.3333	1.074	0.27	1	50.9434
naju_nongeup	455	 cls_1 	1	680	56.8149	1.7	1.1152	0.51	1	51
naju_nongeup	456	 cls_1 	2.31	1340	135.3727	2.1613	1.1573	1.21	1	52.381
naju_nongeup	457	 cls_1 	0.89	600	45.6201	1.5789	1.102	0.54	1	60.6742
naju_nongeup	459	 cls_1 	3.97	1560	109.1679	1.95	1.1268	2.98	1	75.063
naju_nongeup	460	 cls_1 	1.57	960	78.1346	1.8462	1.1345	0.93	1	59.2357
naju_nongeup	461	 cls_1 	3.62	1140	85.3304	1.4615	1.077	2.76	1	76.2431
naju_nongeup	467	 cls_1 	4.62	2640	200.8243	3.0698	1.2089	2.89	2	62.5541
naju_nongeup	468	 cls_1 	37.63	8900	469.6634	3.6179	1.2007	31.44	2	83.5504
naju_nongeup	470	 cls_1 	0.36	320	23.4899	1.3333	1.0703	0.18	1	50
naju_nongeup	475	 cls_1 	0.97	600	43.8098	1.5	1.0917	0.57	1	58.7629
naju_nongeup	476	 cls_1 	0.52	380	32.1397	1.2667	1.0644	0.26	1	50
naju_nongeup	478	 cls_1 	0.89	560	42.062	1.4737	1.0868	0.52	1	58.427
naju_nongeup	482	 cls_1 	0.24	280	22.572	1.4	1.0917	0.06	2	25
naju_nongeup	489	 cls_1 	197.94	20120	679.707	3.5674	1.1757	184.05	3	92.9827
naju_nongeup	495	 cls_1 	30.45	9420	522.6083	4.2432	1.2298	23.69	3	77.7997
naju_nongeup	497	 cls_1 	0.77	540	35.7119	1.5	1.0963	0.44	1	57.1429
naju_nongeup	501	 cls_1 	205.58	20400	902.5997	3.554	1.1746	191.11	2	92.9614
naju_nongeup	504	 cls_1 	1.42	1060	83.6751	2.2083	1.1672	0.76	1	53.5211
naju_nongeup	506	 cls_1 	0.92	660	44.7277	1.65	1.1189	0.52	1	56.5217
naju_nongeup	507	 cls_1 	0.03	80	6.6667	1	1.0504	0	0	0
naju_nongeup	513	 cls_1 	1.54	900	89.6274	1.8	1.1234	0.86	2	55.8442
naju_nongeup	514	 cls_1 	2.67	1580	118.1471	2.3939	1.1732	1.74	1	65.1685
naju_nongeup	517	 cls_1 	0.96	660	44.2707	1.65	1.1137	0.51	1	53.125
naju_nongeup	520	 cls_1 	8.52	2060	145.7264	1.7458	1.1	6.93	2	81.338
naju_nongeup	522	 cls_1 	3.11	1720	94.3609	2.3889	1.1723	1.96	2	63.0225
naju_nongeup	523	 cls_1 	0.7	480	34.1718	1.4118	1.0815	0.42	1	60
naju_nongeup	524	 cls_1 	0.04	120	9.802	1.5	1.1353	0	0	0
naju_nongeup	527	 cls_1 	1.04	560	40.8713	1.3333	1.0685	0.68	1	65.3846
naju_nongeup	530	 cls_1 	0.3	300	21.8967	1.3636	1.0785	0.13	1	43.3333
naju_nongeup	531	 cls_1 	1.95	900	63.4039	1.6071	1.0966	1.38	1	70.7692
naju_nongeup	532	 cls_1 	40.03	6780	322.7759	2.6693	1.1528	35.18	1	87.8841
naju_nongeup	533	 cls_1 	4.96	2020	120.4158	2.2444	1.1514	3.61	1	72.7823
naju_nongeup	534	 cls_1 	0.04	100	10	1.25	1.0745	0	0	0
naju_nongeup	535	 cls_1 	2.66	1180	80.2657	1.7879	1.1163	1.87	1	70.3008
naju_nongeup	536	 cls_1 	114.96	18900	750.6503	4.3953	1.2126	101.52	1	88.309
naju_nongeup	537	 cls_1 	62.24	7900	361.7373	2.5	1.1376	56.83	3	91.3078
naju_nongeup	538	 cls_1 	0.46	340	28.046	1.2143	1.0535	0.23	1	50
naju_nongeup	542	 cls_1 	12.89	2300	174.5623	1.5972	1.0801	11.23	1	87.1218
naju_nongeup	544	 cls_1 	1.17	980	95.3889	2.2273	1.1746	0.45	3	38.4615
naju_nongeup	545	 cls_1 	0.23	280	20.6891	1.4	1.0977	0.07	1	30.4348
naju_nongeup	547	 cls_1 	57.09	10720	421.413	3.5263	1.191	49.77	1	87.1781
naju_nongeup	548	 cls_1 	2.47	1160	100.2094	1.8125	1.1211	1.57	1	63.5628
naju_nongeup	550	 cls_1 	5.54	1620	132.8373	1.6875	1.0994	4.35	1	78.5199
naju_nongeup	551	 cls_1 	2.04	1040	73.3691	1.7931	1.1207	1.31	1	64.2157
naju_nongeup	552	 cls_1 	1.65	740	56.8878	1.4231	1.0751	1.2	1	72.7273
naju_nongeup	553	 cls_1 	0.72	600	48.3867	1.7647	1.1283	0.29	2	40.2778
naju_nongeup	554	 cls_1 	4.05	1280	99.1492	1.561	1.0874	3.19	1	78.7654
naju_nongeup	556	 cls_1 	1.27	740	51.5096	1.6087	1.1049	0.77	1	60.6299
naju_nongeup	561	 cls_1 	1.29	800	53.4057	1.7391	1.1196	0.78	1	60.4651
naju_nongeup	562	 cls_1 	48.22	9480	699.9929	3.4101	1.1876	41.73	1	86.5409
naju_nongeup	563	 cls_1 	27.03	6480	305.5219	3.1154	1.1817	22.5	1	83.2408
naju_nongeup	564	 cls_1 	0.32	300	23.4311	1.25	1.0699	0.14	1	43.75
naju_nongeup	567	 cls_1 	9.34	2980	238.4014	2.4032	1.1557	7.24	1	77.5161
naju_nongeup	571	 cls_1 	0.61	440	32.0627	1.375	1.0786	0.35	1	57.377
naju_nongeup	574	 cls_1 	4.94	1900	130.0914	2.1111	1.1405	3.49	1	70.6478
naju_nongeup	575	 cls_1 	0.06	160	15.7305	1.6	1.1533	0	0	0
naju_nongeup	576	 cls_1 	0.02	60	5	1	1.0222	0	0	0
naju_nongeup	577	 cls_1 	21.73	5200	419.6498	2.766	1.1669	18.22	2	83.8472
naju_nongeup	579	 cls_1 	0.16	300	20.8236	1.875	1.1704	0.01	1	6.25
naju_nongeup	581	 cls_1 	0.05	100	8.4931	1	1.0359	0	0	0
naju_nongeup	582	 cls_1 	0.11	220	17.2352	1.5714	1.1445	0	0	0
naju_nongeup	583	 cls_1 	6.85	2560	170.899	2.4151	1.1606	4.91	1	71.6788
naju_nongeup	584	 cls_1 	0.02	60	5	1	1.0222	0	0	0
naju_nongeup	585	 cls_1 	0.01	40	5	1	1	0	0	0
naju_nongeup	586	 cls_1 	3.8	1520	120.0159	1.9487	1.1266	2.78	1	73.1579
naju_nongeup	594	 cls_1 	1.19	940	76.6948	2.1364	1.1636	0.51	3	42.8571
naju_nongeup	595	 cls_1 	0.72	540	47.9627	1.5882	1.1046	0.31	1	43.0556
naju_nongeup	596	 cls_1 	9.86	3940	334.25	3.127	1.1988	7.38	2	74.8479
naju_nongeup	597	 cls_1 	16.47	4840	400.7917	2.9512	1.1819	13.01	2	78.9921
